Hindi	Telugu	Similarity_Score
पलीज . पलीज .	పలీజ . పలీజ .	0.4233
मुझे माफ कर दो .	ననను కషమి ంచండి .	0.4160
मुझे माफ कर दो .	ననను కషమి ంచండి .	0.4160
मैं ज ॉन सन परिवार के खिला फ दा यर की मु आ व जे की माँ ग वापस ले ल ूँगी ,	నేను జా నస నస వారి పిలల ల మీద చేసిన ఫి ర యా దు లను వెన కకి తీసు కుంటా ను ,	0.6375
पलीज मुझे एक और मौ का दो . मैं बदल सकती हूँ !	నాకు ఇం కొ క అవకా శం ఇవవ ండి . నేను మా రి పో తాను !	0.6007
जा ह िर है वह बदल गई है .	తపప కుండా మా రి ఉంటుంది .	0.4837
कया हम वह जाकर देख सकते हैं ?	మేము కూడా వెళలి అది చూడ ొ చచా ?	0.5044
हाँ !	సరే !	0.3574
ब धा ई हो , श री म ती ब ला न स की .	అ భి న ంద నలు , మి స బ లా ంక స కి .	0.6312
मैंने कर दिखा या ? आपका मतलब यह वा कई . . .	నేను సా ధి ంచా నా ? మీరు నిజంగా నే నేను . . .	0.5121
लेकिन यह परा कृ ति क न शा है	ఇది స హ జ ంగా వచచే కు లా సా యే	0.5622
ए मिली स मि थ	ఎ మి లీ స మి త	0.3987
हाँ , सर . मैं समझ ती हूँ .	సరే , సర . నాకు అరథ మెంది .	0.6076
मैंने आगे और पीछे , दोनों तरफ अ शि ष ट ट ै ट ू बन वा रख े हैं .	నేను ముందు అలాగే వె నుక కూడా ట రా ం ప సటా ం ప వే యి ంచు కుననా .	0.6361
करि समस पु डि ंग .	ఫి గ గి పు డ డి ంగ .	0.4875
लेकिन बाहर एक बडी पार टी चल रही है , तो . . .	కానీ , ఇకకడ ఒక పార టీ జరుగు తోంది కాబటటి . . .	0.6243
बुरा मत मान ना , मार टी , हम यहाँ भा री मु सी ब त में हैं .	ఏమీ అనుకో కు , మార టి , కానీ మన పరిసథి తి అస స లు బ ాల ేదు .	0.6441
या सै ं टा कल ॉ ज के लिए आवा ज उठा सकते हो	లేదా మీ వి లు వల కోసం ధ ె రయ ంగా ని ల బడ వచచు	0.6257
लोग खुशी से तुमहें मु ँ ह माँ गे पैसे देंगे इन करि समस के ह त यार ों को गलत सा बि त करने के लिए	జ నం సంతోష ంగా మీరు అడి గే రే టు ఇ చచి కొ ను కకు ంటా రు కరి సమ స ని పా డు చేసే వారి ని అ ణ గ దొ కక ే య ండి	0.6706
ग जब !	వా వ !	0.3969
जे कब , उस आदमी का काम ही मत भे द पै दा करना है .	జే క బ , వాడి ప నే పర జ ల మధయ వి భ ే ద ాలు స ృష టి ంచడం .	0.6398
यह स था पि त पर ो टो क ॉल का खु ला उल लं घ न है .	అది మన ని బం ధన లకు అనని వి ధ ాలా వయ తి రే కం .	0.6334
असल में , ऐसा लगता है . हाँ .	అవును , నిజం . అలాగే ఉననావు .	0.5324
सही कहा . ध र ती .	సరే . భ ూ మి పె కి .	0.4672
ना सु ध र ने वाले को सु धा र ना लग भ ग नाम ुम किन है .	వి మో చి ం ప శ క యం కానీ వారి ని వి మో చి ంచడం అ సా ధ యం .	0.6401
क लि ंट ब रि ग स - जन व री	కలి ంట బ రి గ స - జ న వరి	0.6277
म ई	మే	0.1742
कि एक वय क ति की द या की ल हर ें बहुत दूर तक जा सकती हैं .	అనే కు ల పె పర భా వం చూ ప గల దు అనన విషయం అంద రికీ తెలి సి ందే .	0.6346
पता है , जैसे . . .	అంటే , ఇపపుడు . . .	0.6193
न व ंबर	న వం బర	0.3868
. . . जरा सोच ो इसकी ल हर ें कितनी दूर तक जाएँ गी .	. . . ఆ పర భా వం ఎంత మంది పె పడు తు ందో ఊ హి ంచుకో ండి .	0.6572
ब रि ग स	బ రి గ స	0.5105
जाएँ गी	చూడ ండి	0.3915
पर बं धन की अन ुम ति मिल गई है .	మే నే జ మె ంట వారు ఒ పపు కుననా రు .	0.5876
हैलो , माँ .	హేయ , అమమా .	0.4411
ओह , ज ॉ श . तुमने कया पो सट कर दिया ?	ఓహ , జా ష . నువవు ఏం పో సట చేసా వు రా ?	0.6623
. . . कुछ मिल गया जिस से काम बन जाना चाहिए .	. . . మనకు పని కొ చ చే ది ఒకటి నాకు దొ రికి ంది .	0.5557
थोडा जयादा मुशकिल है	అను కునన దాని క ననా కష టం	0.4358
हाँ .	సరే .	0.3574
यह सप ष ट हो गया है . मैं एक बहुत बु री इंसान हूँ .	నేను అ ధి కా రిక ంగా చాలా దారు ణ మెన మనిషి ని అయ యా ను .	0.6076
अरे !	హేయ !	0.3519
नहीं .	లేదు .	0.3291
क लि ंट ?	కలి ంట ?	0.3467
कि म बर ली मो बा इ ल	కి మ బె ర లి మొ బె ల	0.4313
ग जब , बे थ .	వా వ , బె త .	0.6256
बे थ ?	బె త ?	0.6082
ओह , ध . . .	ఓహ , ఛ . . .	0.8567
मुझे माफ कर दो .	ననను కషమి ంచండి .	0.4160
ओह , चलो भी .	ఓహ , మళలీ నా .	0.4906
नहीं ? कयों ?	లే నా ? అంటే ?	0.4212
- हाँ . हमें चल ना चाहिए . - हाँ .	- సరే . మేము ఇక వెళళ ాలి . - సరే .	0.5759
बू म !	బ ూ మ !	0.3919
अरे , भ ूत िया लडकी .	హేయ , భ ూ తం అమమాయి .	0.5741
स पार की	స పార కి	0.4146
वह कि च न में सो रहा है .	వ ంట గ ది లో పడు కు ని ఉంది .	0.5847
- स पार की ? - स पार की ?	- స పార కి ? - స పార కి ?	0.5373
क लि ंट , नहीं , यह झूठ बोल रही हैं .	కలి ంట , లేదు , అమమ అబ దధ ం చెప తుంది .	0.6348
पता है , अगर आपने उस पर एक पै सा भी ख र च किया होता , तो हम पूरी रात उसे ढूँढ ते .	నువవు దాని మీద అర ధ రూ పా యి ఖ రచు చేసి నా , రాతరి అంతా దానిని వె తి కే లా చేసే దాని వి .	0.6040
स पार की ?	స పార కి ?	0.4508
नहीं .	కాదు .	0.3291
साथ ही मैंने दोबारा कभी दरवा जा खु ला नहीं छो डा , तो दोनों तरफ से जी त हुई .	అంతే కా క , నేను మళళీ ఎపపుడూ తలు పు తె రి చి వ దల లేదు , కాబటటి అందరూ లా భ పడ డా రు .	0.6468
हो , हो , हो .	హో , హో , హో .	0.4138
- अरे . - अरे , ओ वे न .	- హేయ . - హేయ , ఒ వెన .	0.5523
पा रख ी नजर है . हाँ , वह तब नहीं थी .	బాగా కని పెటటా వు . అవును , అది లేదు .	0.5495
म ॉ म ने खुद को आ म ंत रि त कर लिया , तो . . .	అమమ పి లవ కుండా నే వచ చేసి ంది , కాబటటి . . .	0.6158
- यह हम . . . - हैलो , जान .	- ఇకకడ . . . - హాయ , బు జ జి .	0.7485
अरे .	హేయ .	0.3519
अरे , अगर कोई मेरे लिए तो ह फा ढूँढ रहा हो . . .	హేయ , ఎవరెనా నాకు బహు మ తి కొ నా లి అను కు ంటే . . .	0.6446
चलो भी , कै री . मैं तुमसे पयार करता हूँ , लेकिन तुमहें माँ बन ने के बारे में कुछ नहीं मा लू म है .	ఏంటి ది , క యా రీ ? నువవు అంటే నాకు చాలా ఇషటం , కానీ ఒక తల లి గా ఎలా వయ వ హ రి ంచ ాలో నీకు అస స లు తెలీదు .	0.6729
तुमहारी बहन हमेशा तुमहारे साथ बहुत अचछी थी , है ना ?	నీ అ కక మొదటి నుండి నినను చాలా బాగా చూ సు కు ంది , కదా ?	0.5703
- तुम बच चों जै सी बातें कर रहे हो . - मुझे सुना ई नहीं दे रहा .	- నువవు చినన కు ర రా డి లా చేసతుననా వు . - నా కే ం వి ని పి ంచడం లేదు .	0.6467
बढिया .	అలాగే .	0.3324
- हाँ . जा ह िर है . - . . . रि टा यर हो गया और . . .	- సరే . అలాగే . - . . . రి టె ర అయ యా డు , దా ంతో . . .	0.7474
क लि ंट , तुम मेरी जानकारी में सबसे बु द धि मान आदमी हो . तुम खुद को संभाल लो गे .	కలి ంట , నువవు నాకు తెలి సిన అత య ంత తెలి వెన వాడి వి . నువవు ఎలా గ ెనా బర తి కే సతా వు .	0.6394
- करि समस का डि नर करवा ता है . . . - यह दो दिन पहले की बात है .	- ఏ ర పాటు చే సతు ంటా రు . . . - ఇది , రెండు రోజు ల కరి తం జరిగింది .	0.6675
यह सप ष ट हो गया है . मैं एक बहुत बु री इंसान हूँ .	నేను అ ధి కా రిక ంగా చాలా దారు ణ మెన మనిషి ని అయ యా ను .	0.6076
एक से क ंड रुको . कया ? रुको . जरा रुको .	ఒక కష ణం ఆగు . ఏంటి ? ఆగు . అలాగే ఉ ండు .	0.6276
अरे , रे नी . देखो क लि ंट मा मा तुमहारे लिए कया ला ए .	హేయ , రె ననీ . నీ కోసం అ ం కు ల కలి ంట ఏం తె చచా డో చూడు .	0.6643
वह टे डी बे यर के ब गल में है , ठीक है ? मार था से मदद ले लेना .	టె డ డి బ ే ర ప కక నే ఉంది , సరేనా ? కావాల ంటే మార తా సహా యం తీసుకో .	0.6720
नहीं .	లేదు .	0.3291
मि सटर ब रि ग स !	మి సటర బ రి గ స !	0.5494
सर , पलीज .	సర , పలీజ .	0.5527
नहीं . सर .	వదదు , సర .	0.4750
सर !	సర !	0.6010
- मि सटर ब रि ग स . - नहीं .	- మి సటర బ రి గ స . - వదదు .	0.6821
मुझे फर ें च नहीं आती . नहीं .	నాకు ఫ రె ం ష భా ష రా దు . వదదు .	0.5452
मुझे माफ कीजिए .	నేను ఇక ఉంటా ను .	0.4807
अगर तुमहें ना सु ध र पा ने वाले को सु धा र ना है .	వి మో చి ంచాలి అంటే ఆ మా తరం చేయ ాల సి ఉంటుంది లే .	0.6079
तुमने पूछ ा था अगर मैं कभी जि ंदा था .	నేను ఎపపుడ ెనా బర తి కా నా అని అడి గా వు .	0.5562
वह तुम हो ?	అది నువ వా ?	0.4329
मि सटर स कर ू ज , मैं व ु ड रो हूँ , सर .	మి సటర స క రూ జ , నా పేరు వు డ రో , సర .	0.6868
ग जब .	వా వ .	0.3969
मैडम .	మే డం .	0.3039
जो भी हो .	ఏద ొక టి లే .	0.3101
नहीं .	లేదు .	0.3291
तुमहारी इतनी हि म मत !	లేదు , అస స లు కు దర దు .	0.5117
हैलो , दोसत .	హలో , గ వర న ర .	0.4069
मैडम .	మే డం .	0.3039
किसी के पिछ वा डे पर ला त मार ने से	దీని తో ఎవ డి నె నా తి టటి పా రే య ొ చచు	0.5359
ओह , दो छो टे से श बद पूरा मि जा ज बदल सकते हैं	ఓహ , రెండు చినన పద ాలు పరిసథి తి ని మార చేయ గల వు	0.6267
- खैर , वैसे भी यह वा सत वि क नहीं है . - ग जब , यह काफी चु सत है .	- పో ని లే , ఇదే ం నిజం కాదు కదా . - వా వ , చాలా చు రు కు గా ఉననాడు .	0.6791
- नहीं था . मैं बस तुमहारी न कल कर रहा था . - तुम मेरी न कल कर रहे थे ?	- నాకు తెలీదు . నినను ఫ ాలో అవు తుననా అంతే . - నువవు ననను ఫ ాలో అయ యా వా ?	0.6170
- लेकिन यह बहुत भा व बो ध क तरी का है . - और ये सब भी जानते थे .	- కానీ భా వ వయ క తీ క రణ కు భలే మా రగ ం . - వాళల ంద రికీ తెలుసు కూడా .	0.6862
अरे , क लि ंट .	హేయ , కలి ంట .	0.5105
यह कया बकवास है ?	ఏంటి ఈ గో ల అంతా ?	0.4426
क लि ंट , पलीज .	కలి ంట , పలీజ .	0.5059
पता है , मैं वापस अपने मे हमा नों के पास जा रहा हूँ .	ఒకటి చెపప నా , ఇక నేను నా అ తి థ ు ల దగగర కు వెళ తుననాను .	0.5957
बॉ नी .	బా ని .	0.3419
सुनो , मेरे पास लोगों का एक पूरा वि भाग है	ఇలా చూడు , సీ నలు ఇలా మా రచ డానికి చాలా మంది	0.5615
कि म बर ली , अरे . हैलो .	కి మ బె ర లి , హె య . హాయ .	0.5664
अब तुम लोग भी मेरी चु ग लिया ँ कर रहे हो . चलो चल ें . चलो . इसके बाद कया है ?	మీరు కూడా నా గురించి చెతత వా గు డు వా గు తుననారు . ప దా . వెళ దాం . తరవాత ఏంటి ?	0.6560
हाँ .	సరే .	0.3574
हाँ . पू र व गर ल फर ें ड , मैं समझ गया .	అవును . మా జీ గర ల ఫ రెండ , అరథ మెంది .	0.6486
मैंने उसे मुझे नहीं देख ने दिया . वह बस . . .	ఆమె కు కనిపి ంచే లా నేను ఏం చేయ లేదు . ఆమె . . .	0.6482
हाँ ,	సరే ,	0.3574
तो फिर से इंसान बन ना तुमहारे लिए वय क ति गत रूप से सं तु ष टि दा य क होगा ?	అంటే మళళీ మనిషి వి అయితే నీ మన సు కు సంతోష ంగా ఉంటుంది అనన మాట , అవునా ?	0.6103
ठीक है , काफी जो र से पक डा है . ठीक है .	సరే , చాలా గ టటి గా పటటు కుననా వు . అలాగే .	0.5744
- वह ज ॉ श हा बि ंस है . - यह ली जिए . मेरी करि समस .	- వీ డు జా ష హ బ బి నస . - ఇ దు గో ండి . మె ర రీ కరి సమ స .	0.6875
सब ठीक है .	ఏం పర లేదు .	0.4409
है श ट ै ग ज ॉ श हा बि ंस को नजर अं दा ज	# జా ష హ బ బి నస ని దూ రం పెటట ాలి	0.6483
ज ॉ श बेहद न क ली है !	జా ష పెదద వే ష ధా రి !	0.5781
उममीद है तुमहें खुद पर गर व होगा !	నినను చూ సు కొ ని సంతో షి సతుననా వే మో !	0.4935
वह टे डी बे यर के ब गल में है , ठीक है ? मार था से मदद ले लेना .	టె డ డి బ ే ర ప కక నే ఉంది , సరేనా ? కావాల ంటే మార తా సహా యం తీసుకో .	0.6720
मेरे जाने के बाद , मैं चाहती हूँ तुम रे न को पा लो .	నేను చని పోయి న తరవాత , నువవు రెన కష ే మ ం చూ సుకో వాలి .	0.6173
बस करो . बहुत हो गया . तुम मेरे ऊपर एक टो प ला ज म लगा दो गे .	చి ంతి ంచ కు . ఇక చ ాలు . నీ దు రాత మ శ కతి నాకు అ ంటు కు ంటుంది .	0.6396
ओह , खैर , फिर गु ड आ फ टर न ून .	ఓహ , సరే అయితే , ఇక ఉంటా ను .	0.5891
यह अभी अपना रि टा यर में ट ले ले .	ఇ తను ఈ కష ణ మే రి టె ర అయి పో వాలి .	0.6096
नहीं .	లేదు .	0.3291
कया हो रहा है ?	ఏం జరుగు తోంది ?	0.4928
- ना सु ध र ने ला य क - ना सु ध र ने ला य क	- వి మో చ న లే కుండా - వి మో చ న లే కుండా	0.6099
- तुमहारे पास . . . - न ल सा जी है .	- మీ ఇంట లో . . . - నీ ళలు వ సతా యి .	0.7481
हैलो ! तुम मुझे देख सकते हो !	హలో ! నేను నీకు కనిపి సతుననా !	0.5410
नहीं . अरे , डे व , बस करो .	లేదు . హేయ , డే వ , వదిలే య .	0.6107
- अरे , वहाँ देखो . - कया ?	- హేయ , ఇది చూడు . - ఏంటి ?	0.6345
चलो भी !	తీసుకో !	0.3316
श हर जग म गा रहा है टि म टि मा ती ब त ति यों से	మె రు సతునన కా ం తు లతో సి టీ వె లి గి పో తోంది	0.5846
लेकिन मैं पयार में पड कर सब कुछ बि ख र ते देखना नहीं चाहती	కానీ ఈ యన కు పడి పోయి తరవాత మ నన సు వి రు చు కో వాలని నాకు లేదు	0.5947
मुझे कितना प सी ना आ रहा है ?	నా చే తులు బాగా చ మ ట ప టట ా యా ?	0.5607
जब मैं डे ट किया करता था हाथ पक ड ना बहुत आगे की बात होती थी	నేను డే టి ంగ చేసిన కాల ంలో చే తులు పటటు కో వడం చాలా పెదద విషయం	0.5863
कया हो रहा है ?	ఏం జరుగు తోంది ?	0.4928
मुझे कैसे पता होता कि वह ऐसा कुछ कर बैठ े गा ?	వాడు ఇలా ంటి పని చేసతా డని నా కె లా తెలు సతుంది ?	0.5528
क लि ंट ब रि ग स	కలి ంట బ రి గ స	0.5106
जानता हूँ . यह बस , मैं . . .	అవును . అదే ంట ంటే , నేను . . .	0.6076
रुको , कया तुमने अपना भ वि ष य देखा ?	ఆగు , నువవు నీ భ విష యత తు ని చూ సా వా ?	0.6157
तुमने बस कुछ सौ साल ों में डे टि ंग नहीं की है .	నువవు కొనని వ ంద ల ఏ ళలు గా డే టి ంగ చేయ లేదు అంతే .	0.6229
हैलो , गु ड आ फ टर न ून , स जज नों .	హె య , ఇక ఉంటా ను , మి తరు లా రా .	0.6264
वह कहाँ है ? चलो भी .	అది ఎకకడ ఉంది ? ప దా .	0.5429
अ र . . . रे नी ?	ష . . . రె ననీ ?	0.7214
नहीं .	లేదు .	0.3291
तैयार हो जाओ .	సిదధ ంగా ఉ ండు .	0.4000
मार ली ?	మార లె ?	0.3721
नहीं .	లేదు .	0.3291
अरे ! तुम कहाँ जा रहे हो ?	హేయ ! ఎ కకడికి వెళ తుననావు ?	0.5451
मुझे वापस जाना होगा .	నేను వెన కకి వెళళ ాలి .	0.4338
नहीं .	లేదు .	0.3291
मेरा भाई .	నా సోద రా .	0.3735
खैर , मैंने हर करि समस बि ता या है सही और गलत देख ने की कोशिश में	నేను పర తీ కరి సమ స రోజు ను మంచి చె డు లు బ ే రీ జు వే సు కు ంట ూ గ డి పా ను	0.6287
लेकिन अब तुम जानते हो , ओह , अब तुम जानते हो	కానీ ఇపపుడు నీకు తెలుసు , ఓహ , ఇపపుడు తెలుసు	0.5217
बस थोडी सी , बस थोडी सी , बस थोडी सी	కొంచ ె మెనా చె య , కొంచ ె మెనా కొంచ ె మెనా	0.3415
क लि ंट .	కలి ంట .	0.3467
क लि ंट !	కలి ంట !	0.3467
नहीं .	లేదు .	0.3291
अरे .	హేయ .	0.3519
सब ठीक है . ड रो मत .	ఏం పర లేదు . భయ పడ కు .	0.6065
यह आ म बात से थोडा ह ट कर है . मेरी बात सुनो .	కొంచెం వి ంత గా ఉండ ొ చచు . నేను చెపపే ది వి ను .	0.5904
व रत मान	పర జె ంట	0.4365
बू .	భ ూ .	0.2916
खैर , इससे मुझे चो ट पहुँ ची .	ఆ బ బె , అలా అంటే బాధ గా ఉంది .	0.5891
कोई बात नहीं . अरे , द ख ल देने के लिए माफ करना .	అదే ం పర లేదు . హె య , చెపప కుండా వచచి న ందుకు సారి .	0.6182
- बढिया . शुकरिया . - हाँ . हाँ , जरूर .	- మంచిది . థాంక స . - అవును . సరే , ప దా .	0.6721
हाँ . लेकिन रुको , देखो . ठीक यहाँ देखो .	అవును . కానీ ఆగు , ఇలా చూడు . ఇకకడ చూడు .	0.5803
जलदी ही , दोसत ों यह बढ कर हो जाएँगे ह जार ों	తవర లోనే , మి తరు లా రా అనే క వే ల మంది కలు సతారు	0.5735
श रा फ त - त - त - त - त	మంచి - చి - చి - చి	0.4091
- सही कहा , मैं हि म मत करता हूँ - हाँ , हम हि म मत करते हैं	- అవును , నేను ధ ె ర యం చేయ గలను - అవును , మేము ధ ె ర యం చేయ గల ం	0.6060
पता है , मेरे खया ल से तुम अंदर से चाहते थे वह तुमहें देख े , कयोंकि तुम उसे पसंद करते हो .	నీ మన సు లో ఆమె పె నీకు ఉనన ఇషటం కారణ ంగా , నువవు ఆమె కు కనిపి ంచ ాలని బ ల ంగా కో రు కొ ని ఉంటా వు .	0.6366
मैं कि म बर ली के साथ तुमहारी मदद कर सकता हूँ . मतलब , तुम लोग अचछे से फ ल रट कर रहे थे .	కి మ బె ర లి విషయం లో నేను నీకు సహా యం చేయ గలను . అంటే , మీ రి దద రి మధయ ఆ క నె కష న నేను చూ సా .	0.6749
सी ए नए न इस बारे में बात नहीं करे गा कि आपने कैसे शि कष क सं घ को मु सी ब त में डाल दिया .	మీరు టీ చ రస యూ ని యన కి కలి గి ంచిన న ష టం గురించి సి . ఎ న . ఎ న వారు మాటలాడ టం మా నే సతారు .	0.6801
तुमहें लगता है मुझे कु त ू ह ल हो जाएगा कि उस दरवा जे के पीछे कया है ? मैं . . .	ఆ తలు పు వె నుక ఏ ము ందో తెలుసు కో వాలని ఆ స కతి తో వ సతాను అనుకుంటుననా వా ? నేను . . .	0.6593
या हो सकता है कि मैं दुनिया की भ ला ई को अपनी वय क ति गत इ चछ ा से ऊपर रख ता हूँ .	బహుశా మా న వాళ ి శ రే య స సు కు బ దు లు నేను నా సవా ర ధా నికి పరా ముఖ యత ఇ చచి న టటు ఉననాను .	0.6580
कहा जा रहा है कि अगर आपके पास अस ली पे ड है , तो आप आ लो च ना त म क फै शन पर सत हैं .	నిజ మెన చె టటు ను పెటటు కునే వారు , బాగా బ లి సి , ఇ తరు ల కష ే మా నని లె కక చేయ ని వార ంట .	0.6667
तुमहारे परति द व ंद ी यह जानते हैं इसलिए उनके बकवास उ त पा द ते जी से बि क ते हैं	మీ పో టీ దారు లకు ఈ విషయం బాగా తెలుసు కాబటటి వారు అమమ క ాలు బాగా జ రు పు తుననారు	0.6071
लेकिन साथ ही हम , दो , अ धी र हैं अचछा और बु द धि मान और सही महसूस करने के लिए	ఇక రెండు , మీ పరిసథి తి దయ నీ య ంగా ఉంది ఎలా గ ెనా పో టీ లో నె గ గ ాలని చూ సతుననారు	0.6343
वह जी तना चाहती थी . और उसका मतलब है तुमहें कुछ क ठ ो र ह थ कं डे अपना ने होंगे .	అది పో టీ లో గె ల వాలి అను కు ంది . దా న రథ ం కొనని వె నను పో టు ద ె బబ లు తీ య ాల సి ందే .	0.6675
मेरे खया ल से अगर तुम खु ले दिमाग से सुन लो और मुझे गर व करने दो , ठीक है ?	నువవు , కొంచెం పెదద మన సు చేసు కొ ని చెపపే ది వి ని నేను గర వ పడ ే లా చె య , సరేనా ?	0.6497
लेकिन अगर तुम जी तना चाहते हो तो तुमहें इं सा नी पर व ृ त ति को समझ ना होगा	కానీ మీరు ఈ పో టీ లో గె ల వాలి అంటే మీరు మను ష ు ల తీ రు ను అరథం చేసుకో వాలి	0.6243
नहीं . नहीं , मैं खुद को नहीं संभा लू ं गा , डै न , मैं तुमहें संभा लू ं गा .	కాదు , నేను ఎలా గె న బర త క డం కాదు , డా న , నీ కం పె నీ ని చం పే సి బర తు కు తాను .	0.6427
पता है , मैं चाहता हूँ कि तुम मु ँ ह बंद करके मुझे अपना काम करने दो .	నాకు కేవలం నువవు నో రు మూ సు కొ ని , నా పని ననను చేయ నివ వడం కావాలి అంతే .	0.6180
मैं तुमहें कार य कारी वी पी बना द ूँगा , तुमहारा वे त न दो गु ना कर द ूँगा ,	నేను నినను ఎ గ జి క యూ టి వ వి పి ని చేసతా , ఇకకడికి రె ండి ంత లు జీ తం ఇ సతా ,	0.6350
कया तुमने उसे अपनी नि जी जिंदगी के बारे में बता ने की कोशिश की है ?	నీ వయకతి గ త జీవితం గురించి వాడి కి చెపప డానికి ఎపపుడ ెనా పరయతని ంచా వా ?	0.5470
वह ना सु धा र ने यो ग य इसलिए नहीं है कयोंकि वह पि ल लों को मार ता है .	వాడు కు కక పిలల లని చం పే వాడు అనన కారణ ంగా వి మో చి ం ప సా ధ యం కాదు అన లేదు .	0.6391
- वह रही . चलो चल कर उससे बात करें और . . . - अरे , नहीं . वह वही है .	- ఆమె అకకడ ఉంది . వెళలి ఆమె తో మాటలా డి . . . - ఓహ , లేదు . అది తా నే .	0.7062
- किसी मु ज रि म को मु सी ब त से बचा ना - हम " अ करि समस कै र ल " की तरह हैं	- నా శ నం నుండి ఒక రి ని కా పా డు తుననాం - మేము కరి సమ స కే ర ల లాంటి వా రం	0.6741
- बिलकुल . मुझे " कहीं " बहुत पसंद है . - हाँ , मुझे भी . हे भगवान .	- నిజంగా . " ఎ కకడి కె నా " వెళ దాం . - అవును , నాకు కూడా . ఓ రి , దేవుడా .	0.6938
माफ कीजिए , श री म ती ब ला न स की . हम स ड क पर आगे खेल ने चले जाएँगे .	కషమి ంచండి , మి స బ లా ంక స కి . మేము వీ ధి చి వ రికి వెళలి ఆ దు కుంటా ం .	0.6586
अरे , नहीं . नहीं . यहाँ किसी गा ने की कोई जरूरत नहीं है . नहीं .	ఓహ , వదదు . పలీజ . ఇపపుడు దాని గురించి పా ట పా డ ాల సిన పని లేదు .	0.5964
ठीक है . मेरी बात सुनो . मैं जानता हूँ तुम कया कह ने वाले हो .	సరే . నేను చెపపే ది వి ను . నువవు ఏం చెపప బో తుననా వో నాకు తెలుసు .	0.6250
खैर , मैं मान ता हूँ कि यहाँ का हमारा काम बहुत मह त व पू रण है .	అంటే , మేము ఇకకడ చేసే పని చాలా పరా ముఖ య మెన ది అని నా నమమ కం .	0.6264
यार , वह इसके निय ं तर ण में नहीं है . निय म यह नहीं बना ता है .	ఒ రే య , ఈ విషయం లో ఈ యన ఏం చేయ లే డు . నియ మ ాలు పెటట ే ది ఈ యన కాదు .	0.6340
जा म में अपने ग म ों को भ ु ला रहे हो तुम अस फ ल महसूस कर रहे हो	నువవు నీ మ ద యం మ తతు లో తూ లు తూ , చే త కా ని వాడి లా కు రచ ీ ని ఉండ గా	0.6478
- " कया इस पु ष प हार में मैं . . . - ठीक है . और कोई सवाल नहीं .	- " ఈ పు ష ప గు చ ఛ ం నాకు చూడ డానికి . . . " - సరే . ఇక పర శ నలు ఆ పు .	0.7392
अरे , नहीं . गा ने की कोई जरूरत नहीं है . अब चलो भी . चलो . . .	ఓహ , లేదు . ఇపపుడు పా డ ాల సిన పని లేదు . వెళ దాం ప దా . ప దా . . .	0.6901
तुम उस दिन का करते हो इंतजार तुम तै या री करते हो पूरा साल	మేము ఆ రోజు కోసం ఎదు రు చూ సతు ంటా ము ఏ డా ది అంతా సిదధ మ వు తా ము	0.5992
- रुको , तुम रि टा यर नहीं कर सकते . - अब , शा ंत हो जाओ , रू हों .	- ఆగు , నువవు రి టె ర అవ వ కూడదు . - లేదు , శా ంతి ంచండి , ఆ తమ లా రా .	0.7081
तुमहें ऐसा कयों लगता है कि अब तुम बद ला व नहीं ला रहे हो ?	నువవు మార పు తీసుకు రాల ే కపో తుననా అని ఎందుకు అనుకుంటుననా వు ?	0.5286
मैं तुम पर नजर रख रहा था और फिर उसने सी धे मेरी ओर देखा .	నేను నీ మీద క నను వే సి ఉ ంచా , కానీ అంత లో ఆమె ననను చూ సింది .	0.5908
- कया बढिया है ? - यह अंदर की ह ल चल . इसे अपने अंदर फै ल ने दो .	- ఏంటి మంచిది ? - ఈ మా న సి క మ ధ నం . నీ లో దానిని ర గు లు కో నివ వు .	0.6552
तुम उस दिन का करते हो इंतजार तुम तै या री करते हो पूरा साल	మేము ఆ రోజు కోసం ఎదు రు చూ సతు ంటా ము ఏ డా ది అంతా సిదధ మ వు తా ము	0.5992
और ऐसे इसकी शु रु आत हुई . एक पू रे साल की रि सर च और तै या री .	ఇక పని మొద లె ంది . ఏ డా ది మొతత ం పరి శ ో ధి ంచి , సి దద పడ ను ననా ం .	0.6619
कभी यह सोच ने रु का नहीं कि अपने पीछे कया बर बा दी छोड गया	నేను బర తి కి ఉండ గా చేసిన దారు ణ ాలను ఎపపుడూ ఆలోచి ంచుకో లేదు	0.5718
- अभी आता हूँ . - तुम जानते हो मैंने नौ करी छोड दी , है ना ?	- వెంట నే వ సతా . - నేను పని మా నే సతుననా అని నీకు తెలుసు కదా ?	0.6311
जाओ जाकर अपनी गल ति यों को सु धा रो और हमें ग ौर वा न वि त करो .	వెళలి మీ తపపు లను సరి ది దదు కొ ని , మేము గర వ పడ ే లా బర త క ండి .	0.6441
- उसने कया कहा ? - लेकिन इस समय दुनिया जिस स थि ति में है ,	- ఆయన ఏమ ననా డు ? - కానీ పర సతు తం పరపంచ ం ఉనన సథి తి ని బటటి ,	0.6496
फिर तुमहें कैसे पता मैं कितनी बु री हूँ या नहीं हूँ ?	సరే , నేను దారు ణ మెన దానిని అవు నో , కా దో నీ కె లా తెలుసు ?	0.5669
- ठीक है , यह बहुत बुरा नाम है ! - यह बहुत सारे नाम हैं .	- సరే , పేరు బ ాల ేదు లే ! - బో లె డ నని పే రలు కలి పి చెపపా వు .	0.5991
- जो करना चाहते हो बस कर दो . - ठीक है . बु ढ िया के बा ल .	- మీరు ఏం చేయ ాలను కు ంటే అది చేయ ొ చచు . - సరే . పీ చు మి ఠ ా యి .	0.6665
ठीक है . 2 6 1 अभी चा लू हो रहा है . ऑ डियो , मुझे याद है .	సరే . 2 6 1 ప లే అవు తుంది . రి కార డి ంగ ఒకక టే అననా వు కదా .	0.6975
क लि ंट , बस मुझे जाने दो . तुम यह देखना नहीं चा हो गे .	కలి ంట , ననను వెళ లని వ వు . ఈ పని జరగ డం నువవు చూడ కూడదు .	0.6436
कया तुम बना ना चाहते हो एक ल हर ? ल हर , ल हर , ल हर , ल हर	నీకు మార పు తీసుకు రా వాలని ఉందా ? మార పు , మార పు , మార పు	0.5339
जयादा तर लोग इतने जयादा डर जाते हैं कि बेवकू फा ना ,	సా ధా రణ ంగా జ నం ఇది చూ సి భయ ంతో ఏ వే వో పర శ నలు అడుగు తూ	0.6063
तुमहें लगता है तुम उस बं दे से बेहतर स थि ति में हो ?	నువవు వాడి క ననా బాగా బర తు కు తుననాను అనుకుంటుననా వా ?	0.5432
और फिर ला ख ों और अ र ब ों तक और यह कभी खतम नहीं होता	ఆ తరవాత లకష ల మంది , కో టల మంది ఆ సం ఖ య ఎ పపటి కి త గ గ దు	0.6284
म ॉ म , कया मैं इसे बी मार बच चों को दा न कर सकती हूँ ?	అమమా , నేను దీని ని అ నా రో గ య ంగా ఉనన పిలల లకు ఇవవ నా ?	0.6250
उसके बहुत पया रे स फ े द प ं जे हैं और . . . हे भगवान .	దాని పద ాలు తె లల గా భలే అంద ంగా . . . ఓ రి , దేవుడా .	0.6877
" काम आ सा नी से हो जाएगा " कह ने पर कोई प छ ता वा है ?	" చి టి కె లో జ రి గే పని " అనన ందుకు నాకు బాధ వే సి ందా ?	0.6220
यह वह सवाल है जो तुमहें रात ों में ज गा ए रख ता है .	నీకు రా తరు ళళు ని దర రా కుండా చే సతునన ఆ ఒకక పర శ న .	0.6330
अरे . साथ ही , मैंने सोचा कि हम बन ने लगे थे . . .	హేయ . అంతే కాదు , నేను మనం ఇపపుడు ఒక రికి ఒక రం . . .	0.6677
और मैं अंदर से नहीं मरी हूँ . वह आदमी आकर ष क है .	నేనే ం బ ొ మమ ని కాదు కదా . వాడు నిజంగా నే అంద గా డు .	0.5829
अगर हम इस ना सु ध र पा ने वाले को सु धा र स के . . .	మేము గ నుక ఈ వి మో చి ం ప లేని వాడిని వి మో చి సతే . . .	0.6345
- मेरे खया ल से . यह ठीक है . - मेरे खया ल से . हाँ .	- అనుకుంటా . ఈ యన బాగానే ఉననాడు . - అను కు ంట . అవును .	0.6296
मुझे माफ कर दो ! नहीं ! पलीज ! मैं बदल सकती हूँ .	ననను కషమి ంచండి ! వదదు ! పలీజ ! నేను మా రి పో తాను .	0.6324
क लि ंट ब रि ग स . स ें ट प ॉल , मि ने सो टा में प ला - बढ ा .	కలి ంట బ రి గ స . సె యి ంట పాల , మి నన సో ట ాలో పె రి గా డు .	0.6738
शुकरिया . लेकिन हमें बस . . . हमें चल ना चाहिए .	థాంక స . కానీ మేము కొంచెం . . . మేము ఇక వెళళ ాలి .	0.6362
जान . कया तुमहें अपनी बहन के लिए खुशी नहीं है ?	బు జ జి . నీ అ కక ను చూ సతు ంటే నీకు సంతోష ంగా లేదా ?	0.5967
मैं नहीं चाहता उस बचचे के साथ कुछ हो , ठीक है ?	ఆ కు ర రా డి కి ఏమీ కా వడం నాకు ఇషటం లేదు , సరేనా ?	0.6088
कितनी लं बी थी ? मतलब , तुमहारी बाकी की जिंदगी .	అలా ఎంత కాల ం ఉననావు ? నీ శ ే ష జీవితం గురించి .	0.5606
अ ती त के र म जान का भ ूत , आने - वाले ह न ु का का भ ूत .	ఘ ో సట ఆ ఫ ర మ దా న పా సట . ఘ ో సట ఆ ఫ హా నుక ఎ ట - టు - క మ .	0.6887
जाने दी जिए . यह बे कार आई ड िया था . माफ कीजिए .	అద ంతా వదిలే య . ఇది చెతత ఐ డి యా . ననను కషమించు .	0.5910
बस रुको . नहीं . तुम लोग उसे नहीं देख पा ओ गे .	కొంచెం ఓ పి క గా ఉ ండు . లేదు . అది మీరు చూడ లే రు .	0.6358
और पूरी दुनिया में यह बद ला व जो र पक ड रहा है	పరపంచ ం అంత టా ఈ మార పు బ లా నని కూడ గ టటు కు ంటుంది	0.6037
अके ली माँ के तीन बच चों में दूस रा बच चा था .	ము గ గు రు పిలల లు గల ఒ ంట రి తల లి కి రెండ వ బి డ డ .	0.6073
उसकी बडी बहन , कै री पाँच साल पहले गु जर गई .	వీ డి అ కక , క యా రీ , అయి దే ళల కరి తం చని పోయింది .	0.5939
कोई सप ॉ ट ला इट नहीं . ग ै री , बंद करो सप ॉ ट . . .	స పా ట లెట వే య ొ దదు , గ యా రీ , దానిని ఆ పే య . . .	0.6735
मैं तुमहारा यह बकवास रू पा ं तर ण नहीं देख ूँगा	నువవు నీ గురించి కూడా ఎ ంతో కొ ంత చెపపే వర కు	0.5634
मैं . . . क लि ंट , मैं आ भा री हूँ कि तुम कया करने की कोशिश कर रहे हो , लेकिन मैं ठीक हूँ .	నేను . . . కలి ంట , నువవు చేయ ాలను కునే దానని నేను అ భి న ంది సతుననాను , కానీ నాకు ఇషటం లేదు .	0.6342
- इसकी ग ंद ी भा ष ा को माफ करना . - गु ड आ फ टर न ून .	- వాడి ఫ రె ంచ ని ప టటి ంచుకో క ండి . - ఇక ఉంటా ను .	0.6296
कया तुम पाँच साल के हो ? वहाँ से नीचे उ तर ो .	నువవే మెనా అయి దే ళల కు ర రా డి వా ? కింద కి ది గు .	0.6094
शान दार . शुकरिया , क जू को . बेहद रो मा ं च क है .	అదభు తం . థాంక స , కా జు కో . భలే విషయం చెపపా వు .	0.6717
दोबारा इंसान बन ना , एक बार फिर जि ंदा होना	మళళీ మనిషి గా జీవి ంచి , పరా ణ ాల తో తి రగ డానికి	0.4277
क लि ंट , तुमने एक झ ू ठा घ ो टा ला पै दा कर दिया .	కలి ంట , నువవు ఒక రి ని అ ప కీ ర తి ప ాలు చేసా వు .	0.6744
क लि ंट , तुमने एक झ ू ठा घ ो टा ला पै दा कर दिया .	కలి ంట , నువవు ఒక రి ని అ ప కీ ర తి ప ాలు చేసా వు .	0.6744
- नहीं . - ठीक है , लेकिन उसका मि जा ज कैसा है ?	- లేదు . - సరే , కానీ , వాడి పర వర తన ఎలా ఉంది ?	0.6487
मेरे दोसत के लिए एक और जा म , और जयादा गर म	నా సనే హి తు నికి ఇం కొ క పె గ గు ఇవవ ండి , వె చచ గా	0.5806
- कया मैं यह हर म ही ने कर सकता हूँ ? - जरूर .	- నేను పర తీ నె లా స నా నం చేయ ొ చచా ? - తపప కుండా .	0.6332
मैं वापस जा ऊँगा और हम कोई ह ल निकाल ल ेंगे	నేను వెన కకి వెళలి ఏమెనా చేయ గల ం ఏ మో చూ సతా ,	0.5406
ल हर देखो इसकी ल हर ें कितनी दूर तक जाएँ गी	పర భా వం పర భా వం ఎంత మంది పె పడు తు ందో చూడ ండి	0.5741
एड म ंग ल वार को एक अ सं वे द न शी ल टि प प ण ी पो सट करे गा और फिर र वि वार को माफ ी माँ ग ले गा .	మ ంగ ళ వా రం రోజు న ఎడ అస భయ కర మెన కా మె ంట పె టటి , దానికి ఆ ది వా రం రోజు న కష మా ప ణ లు చెప తా డు .	0.7210
- कया दो हरा व कहते हैं ? - दु हरा व कहते हैं .	- మళళీ మొద ల వు తు ందా ? - మళళీ మొద లు అవు తుంది .	0.6035
कया तुम बना ना चाहते हो एक ल हर , ल हर , ल हर ?	నీకు నిజంగా నే మార పు తీసుకు రా వాలని ఉందా ?	0.4954
हम पयार से आ लि ंग न करेंगे और वह नए ज मा ने का एक मु ँ ह से मु ँ ह वाला च ुम बन करेंगे .	ఇ టీ వల అంద రికీ అ ల వా టె న మో డ ర న ము దదు లు పెటటు కొ ని ఒక రి ని ఒక రం దగగర గా తీసు కుంటా మే మో .	0.6785
- अब हमें इसे मार ना पडे गा , है ना ? - नहीं !	- మనం ఇపపుడు ఈ మె ను చం పే య ాలి కదా ? - కాదు !	0.6605
लेकिन मुझे जाकर देखना होगा अगर यह सच है	కానీ అందు లో నిజం ఎంత ఉ ందో తెలుసు కో వాలి	0.5138
कया ना सु ध र पा ने वाले को सु धा र सकते हो ?	వి మో చి ం ప శ క యం కా ని వారి ని వి మో చి ం ప గల మా ?	0.5933
- तुमहें इसकी भी आद त डाल नी पडे गी . - यार .	- నీకు ఇది కూడా అ ల వా టు అవు తుంది . - బా బో య .	0.6528
- नहीं , तुमहें जवाब देने की भी जरूरत नहीं . . . - नहीं , मुझे अचछा लगे गा . . . हाँ .	- లేదు , నువవు సమా ధా నం చెపప ాల సిన పని లేదు . . . - నాకు వెళల ాలని ఉంది . . . అవును .	0.7148
मुझे तो बिलकुल किसी फि ना ले जैसा ही लगा .	నా కె తే అదే ఆ ఖ రి పె ర ఫా ర మన స అనిపి ంచింది .	0.4904
एक इंसान से हम चे न रि एक शन शुरू करते हैं	ఒకక వయకతి నుండి ఈ చె న రి యా కష న మొద లె ంది	0.6137
पता है . . . तो मैं थोडा अ डि य ल था . कया तुम 2 0 से 3 0 की उ मर में वैसे नहीं थे ?	అంటే నేను . . . నాకు బు ద ది లేదు . నీ చినన పపుడు నువవు కూడా అలాగే ఉ ండి ఉంటా వు కదా ?	0.6865
- अ ह - ह ँ . - और उसने मेरा हाथ पक ड र खा था .	- ఆ హ - హా . - వాడు నా చేయి పటటు కొ ని ఉననాడు .	0.6679
लेकिन हम दोनों जानते हैं यह सच नहीं है	కానీ అది నిజం కా దని మన ఇదద రికీ తెలుసు	0.5359
तुम इस बारे में काफी भा व ु क लग रहे हो .	నువవు ఈ విషయం లో చాలా సీ రి య స గా ఉననావు .	0.6119
इसका कया मतलब है ? अरे . एक से क ंड रुको .	అంటే ఏంటి నీ ఉదదేశం ? హేయ . ఒక కష ణం ఆగు .	0.6438
उनहोंने तुमहारा मु ना फा खतम कर दिया प ला सट ि क के पे ड ों और एक दिन की डि ली व री से	తమ ప లా స టి క చె టలు ఇంకా త వరి త మెన డె లి వర ీ లతో వాళళు మీ లా భ ాలను నా శ నం చేసే సా రు	0.6690
तुम मेरा बाकी का गा ना सुन ना चाहते हो ?	మీకు నా మి గ తా పా ట కూడా వి నా లని ఉందా ?	0.5179
अब मुझे वा कई खुशी है कि मैं यहाँ आई .	వచచి న ందుకు నాకు ఇపపుడు సంతోష ంగా ఉంది .	0.5069
- मुझे बहुत अचछा लगे गा . - बढिया . वा कई ?	- నాకు వెళల ాలని ఉంది . - మంచిది . నిజంగా ?	0.5955
आप इसमें बेहतर कयों नहीं हो पा ते हैं ?	ఎ ననా ళల యి నా మీకు ఇది రా వడం లేదు ఏంటి ?	0.5678
स का रात म क न ती ज ों का ती खा सट यू ले आओ !	అద ృష టా నని కలి గి ంచే కూ రని తీసుకు రండి !	0.5845
हमारे आज रात के मे हमा न ए टी ए ंड टी और ए नए फ एल के लिए जन सं पर क संभाल ते हैं .	ఇ వాళ వచచి న మన అ తి థ ి ఎ టి & టి మరియు ఎ న ఎ ఫ ఎ ల వారి పీ ఆర ని మే నే జ చే సతు ంటా రు .	0.6951
उसने यह कं प नी सम मान और ई मान दा री से बना ई थी और तुमने इसे बर बाद कर दिया .	ఆయన ఈ కం పె నీ ని నమమ కం అలాగే సమ గర త తో నిర మి ంచా డు , దానని నువవు నా శ నం చేసా వు .	0.6493
देखो क लि ंट मा मा तुमहारे लिए कया ला ए .	నీ కోసం అ ం కు ల కలి ంట ఏం తె చచా డో చూడు .	0.6083
ओ वे न के गिर ने के ठीक बाद पो सट करे गी .	వాడు పడి న వెంట నే అది పో సట చే సతుంది .	0.5953
यह कभी उ बा ऊ नहीं होता . ठीक है . अरे .	ఇలా ఎంత చేసి నా బో ర కొ టట దు . సరే . హేయ .	0.6439
- ब रि ग स के लिए ? - तुम कया कर रहे हो ?	- బ రి గ స కో సమా ? - నువవు ఏం చేసతుననా వు ?	0.6793
मैं और मेरे पिता उस मिल में काम करते हैं . जि से आपने अभी बंद कर दिया .	నేను ఇంకా మా నానన మి లలు లో పని చే సతు ంటా ం , సర . మీరు ఈ మధయ మూ సే సిన మి లలు .	0.6294
हाँ , यह यू रो - फि ट ही है कयोंकि मैं अपने सारे क पडे जर म नी में ख री द ता हूँ .	అవును . ఇది యు ర ొ - సట ె ల , ఎందుకంటే నేను నా బ టట లు అన నీ జె ర మ నీ లో కొ ంటు ంటా .	0.7006
मैं वापस आ गया . कया समय हो रहा है ?	నేను తిరిగి వచ చేసా . ఇపపుడు టె మ ఎంత ?	0.5504
तुमने टा इ नी टि म को मा रा था , ठीक है ?	నువవు టె ని టి మ ని చం పే సా వు , సరేనా ?	0.6120
हे भगवान , मुझे श रा ब की याद आती है .	దేవుడా , నేను మ ందు ని మి స అవు తుననా .	0.6185
यह तुमहारे लिए कु त ते की त श तरी ला ई ं ताकि तुमहें लगे कि एक पि ल ला है .	కు కక పిలల గి నన ె తె చచి కు కక ని తె చచా ను అని నమ మి ంచ డానికి చూ సతుంది అంతే .	0.6256
उस समय मौ त का मु ख य कारण जन व री था .	అ పప ట లో చాలా మంది చా వు కు కారణ ం చ లి .	0.6142
- इसे प ले ग हो गया है . - गु ड आ फ टर न ून .	- వాడి కి జ బ బు సో కి ంది . - ఇక ఉంటా ను .	0.6864
नीचे वी ग न खाना खतम हो गया था , तो मैं तुमहारे लिए चि क न न ू ड ल ले आया .	కింద వే గ న ఆ హా రం అంతా అయి పోయింది , కాబటటి నీ కోసం చి కె న న ూ డి లస తె చచా ను .	0.6536
ओह , अचछा ? मैं किस चीज से डर ता हूँ ?	ఓహ , అవునా ? నాకు దే ని గురించి భ యం ?	0.6362
लेकिन , पता है , हर भ ूत िया हर कत के बाद आपकी फा इ ल देखना मेरा काम है .	కానీ , ఏం చేయ ను , పీ డి ంచి వచచి న పర తీ సారి మీ ఫె ల ని పర ీ కషి ంచడం నా పని .	0.6225
हो सकता है एक अचछी लडकी से मिल ूँ और हम शादी करके एक परिवार बना लें .	అంద మెన అమమాయి ని కలిసి , పె ళ లి చేసు కొ ని , కుటుం బా నని పరా రం భి సతా నే మో .	0.5675
- हमने हर जगह देखा था . कब ? किस के साथ ? - खैर , तुमने वहाँ नहीं देखा था .	- మేము అంతా వె తి కి చూ సా ం . ఎ పపుడు ? ఎవరి తో ? - కానీ మీరు ఇకకడ చూడ లేదు .	0.6884
एक बडी , फै ं सी मे ज , 3 8 व ें फ लो र पर	ఒకక పెదద ఫ యా నస ీ డె స క , 3 8 వ ఫ లో ర లో	0.7129
यहाँ सी ख ने को एक सब क है , पता है ?	ఇ ందు లో కూడా ఒక పా ఠ ం ఉంది , తెలుసా ?	0.5930
कया मैं जो खि म उठा कर जी सकता हूँ ?	ధ ె రయ ంగా ము ంద డుగు వే సి బర తు కు తా నా ?	0.5581
मैंने बस एक स वार थी काम प लट दिया .	ఒక ఒకక తపపు ను సరి ది దదు కుననా అంతే .	0.5544
तुम एक दम सही समय पर भर ती हुए हो .	మీరు స రెన సమ యా నికి ఇకకడ చే రా రు .	0.5592
उसने खुद को थोडा तो सु धा र लिया .	వాడి కి కొంచెం వి మో చ న ల భయ మెంది లే .	0.5058
मुझे पता नहीं मैं उससे कया कहूँ .	ఆమె తో ఏం మాటలాడ ాలో నాకు తెలీదు .	0.5054
इसी लिए मैं तुमहारी पि टा ई कर ूँगा .	అందుకే నేను నినను త నన బో తుననాను .	0.5397
कयोंकि तुम इस वकत ग जब ढ ा रही हो .	ఎందుకంటే నువవు భలే పా డు తుననావు .	0.4525
अगर हम पै र ऊपर कि ए तै र ते र हें गे हा ला त ों को बदल ने से डर ते र हें गे	బాధ యత తీసుకో కుండా కూ రచ ొ ని ము ందుకు అడుగు వే య డానికి భయ పడు తుననాం	0.5876
देखो , ए च आर , मुझे नहीं पता अगर यह तुमहारे लिए सही कष े तर है . . .	చూడ ండి , హె చ . ఆర , అది మీకు స రెన వి భా గ మో కా దో నాకు తెలీదు . . .	0.6991
लेकिन अगर आपके पास न क ली पे ड है ,	కానీ న కి లీ చె టటు ను పెటటు కు ంటే ,	0.5586
तो मैं एक क लि निक में गई और बा प के बारे में मैं बस यह जानती हूँ	కాబటటి నేను కలి నిక కి వెళ లా ను , నా బి డ డ కు కా బో యే త ండ రి ఇపపుడు	0.6010
उस भ ूत ने तुमहें बदल दिया , लेकिन तुम दोबारा वैसे कभी नहीं ब ने .	ఒక భ ూ తం నినను మార చి ంది , ఆ తరవాత నువవు మళళీ ము ను ప టి లా కాల ేదు .	0.6410
क य . . . ग जब . यु गल गी त नहीं है .	ఏం . . . వా వ . డ యూ య ె ట మా తరం వదదు .	0.7458
शुकरिया , बॉ नी . नहीं , मैं उसके बारे में अभी सुन ना नहीं चाह . . .	థాంక స , బా ని . లేదు , నేను ఇపపుడు అద ంతా నేను విన దల చు కో లేదు . . .	0.6630
कर ै चि ट को एक ऑ परे शन के लिए पैसे चाहिए थे और मैं बेहद कं जू स था .	క రా ట చి ట కి ఆ పరే షన కోసం డబబు అవసరం అవు తుంది , కానీ నేను ఇవవ ను .	0.6724
ओह , जाने दो . यहाँ आओ , कि म बर ली .	ఓహ , ఏద ొక టి లే . ఇలా రా , కి మ బె ర లి .	0.6271
- या . . . दु हरा व कहते हैं . - हाँ .	- లేదా . . . మొద ల ౌ తుంది . - అవును .	0.7279
मैं ध र ती पर वापस जा सकता हूँ रि टा यर , या बस आ राम कर सकता हूँ	నేను తిరిగి భ ూ మి పె కి వెళళ గలను రి టె ర అయి , పర శా ంత ంగా జీవి ంచ గలను	0.5639
हाँ , मैं यहाँ रह कर उसे चो टी वाले आदमी की पि टा ई करते देख ूँगी .	సరే , నేను ఇకకడ ే ఉ ండి వీ డు ఆ జె డ ఉనన వాడిని గు దద డం చూ సతాను .	0.6678
बु रे कर म ों का परा य श चि त करना है	పా పాల నుండి వి మో చి ంచ ాల సి ఉంది	0.5128
तुमहें मुझे बि यर पि ला नी पडे गी .	మీరు నాకు ఒక బీ ర కొ ని ఇవ వాలి .	0.5835
अरे , मैं तुमहें सता ने आया हूँ .	హేయ , నేను నినను పీ డి సతుననాను .	0.5339
ग जब , मुझे यह म ॉल बहुत पसंद था .	దేవుడా , నాకు ఈ మ ాల చాలా ఇషటం .	0.5847
- यह पूरी तरह पे शे वर है . - कया ?	- ఇది కేవలం పని గురి ంచే . - ఏంటి ?	0.5928
- जो तुमहारे च य नों ने . . . - मेरे सवाल का जवाब नहीं दे रहे हो .	- పడ ే పర భా వా నని చూ పు తుననా . . . - నా పర శ న కు అది సమా ధా నం కాదు .	0.6902
- छो टा लै री . - नहीं . टा इ नी टि म .	- లి టి ల ల యా రీ . - కాదు . టె ని టి మ .	0.6118
मैंने रे न से कहा कि उसके च यन ही उसे वह बना ते हैं जो वह है .	తాను తీసుకు నే నిరణ య ాల ే ఆమె ను నిర వ చి సతా యి అని రెన కి చెపపా ను .	0.6025
क लि ंट , तुम जानते हो मैं तुमहें देख नहीं सकती . कया तुम . . .	కలి ంట , నేను నినను చూడ లేను అని నీకు తెలుసు . నువవు కొంచెం . . .	0.6185
इसकी ल हर ें कितनी दूर तक जाएँ गी	మన పర భా వం ఎంత మంది పె పడు తు ందని	0.5839
मैं मा मा बन ने वाला हूँ ? ओ वे न मा मा ? जैसे " स टा र वार स " में है ?	నేను అ ం కు ల ని కా బో తుననా నా ? అ ం కు ల ఒ వెన ? సటా ర వా రస లో లా గా ?	0.6816
लेकिन चलो भी , चु प मत रहो तुम जानते हो तुम आज मा ना चाहते हो	కానీ అలా ని శ శ బ ద ంగా ఉ ండి పో కు నీకు తి టట ాలని ఉ ందని నాకు తెలుసు	0.5798
जब कि पू रे सम ंदर हैं जिन के ज वार - भा टे की दि शा हम बदल सकते हैं	మన సత తాను చూపి ంచి మార పు ను తీసుకు రా గల అవకా శ ాలు ఎ నన ో ఉననాయి	0.6468
- आने - वाला करि समस . . . - बेशक .	- కరి సమ స ఎ ట - టు - క మ . . . - నిజ మే .	0.6734
- दोसत ों , पलीज . - तुम जानती हो ?	- ఫ రెండ స , పలీజ . - ఒకటి చెపప నా ?	0.6044
मुझे पता नहीं कया कहना चाहिए .	నాకు ఏ మని అ నా లో తెలీ డం లేదు .	0.4982
- चलो भी , यार . यह अचछी बात नहीं है . - तुम कया बात कर रहे हो ?	- ఒ రే యి , అలా అన ొ దదు . ఏం బ ాల ేదు . - నువవు ఏం మాటలాడు తుననావు ?	0.6616
नहीं , तुम ठीक लग रहे हो . चलो .	ఏం కాదు , బాగానే ఉననావు . ప దా .	0.5754
मा इ करो मा इ कल ? बहुत छो टा स टी व .	మె క రో మె కే ల ? సూ పర - సమ ాల సట ీ వ .	0.5945
यही है . मैं यही कह ने वाला था .	అదే . నేను అదే చెపప ాలను కుననా .	0.5570
मतलब , मैं खुद से मान लेना या इसे अजीब बना ना नहीं चाहता था .	అంటే , ము ందే అలా అను కొ ని నినను ఇ బబంది పెటట ాలని అనుకో లేదు .	0.5854
ठीक है , चलो माफ ी को ए म टी वी के वी ए म ए के दिन पर रख ते हैं ताकि जयादा से जयादा चर चा हो .	సరే , జ నం లో మరి ంత అ ల జ డి పు టటి ంచ డానికి ఆ కష మా ప ణ ను మ యూ జి క వీ డి యో అ వార డు ల రోజు న చెపపి దదాం .	0.6753
कयोंकि दो हफ त ों में , हम अग ले सी जन के मु ज रि म को ढूँढ ेंगे	ఇం కొ క రెండు వా రాల లో , మనం మర ొక నే ర సథ ు ని కోసం వెళళ బో తుననాం ,	0.6613
बढिया . म ॉ म , कया मैं इसे बी मार बच चों को दा न कर सकती हूँ ?	భలే ఉంది . అమమా , నేను దీని ని అ నా రో గ య ంగా ఉనన పిలల లకు ఇవవ నా ?	0.6307
अभी करने को बहुत कुछ बाकी है	చేయ ాల సిన పని ఇంకా ఎ ంతో ఉంది	0.5024
अपना न क ली पे ड जो ड रहा होगा .	బి గి సతు ండ డం నేను చూ సతుననాను .	0.5581
. . . अगर वे मुझे चु न ते हैं .	. . . వాళళు ననను ఎ నను కు ంటే .	0.5485
यह तुमहें कयों देख सकती है ?	ఆమె నినను ఎలా చూడ గ లు గు తుంది ?	0.5155
ताकि अस ली बद ला व ला या जा स के .	తపప కు ండ ఎదు ర కో వాల సిన విషయం .	0.5748
- अचछी है ना ? - यह गु न गु नी है .	- న చచ లేదా ? - అది వె చచ గా ఉంది .	0.6482
यह अब मेरे बारे में नहीं है .	ఇది ఇపపుడు నా గురించి కాదు .	0.5133
तो यह लड का जिस के खिला फ रे न चु ना व लड रही है , ज ॉ श हा बि ंस ?	అయితే రెన పో టీ పడు తునన కు ర రా డి పేరు ఏంటి , జా ష హ బ బి నస ?	0.6896
मुझे डर है कि तुम उसे अपने नंबर ख रा ब करने को कह रहे हो .	దానికి నువవు చ ద వడం మా నే య మని చెపప డ ంతో నాకు భయ ంగా ఉంది .	0.6223
जब तुम खुद अपनी जिंदगी से भाग ने में वय सत हो ? बस मान लो .	ఎదు టో ళలు ఎలా బర త కాల ో చెపప డానికి నువవు ఎవరి వి ? ఒ పపు కో .	0.6391
सच कहूँ तो , मुझे चिंता है कि मैंने एक बडी गलती कर दी .	నిజం చెపప ాల ంటే , నేను పెదద తపపు చేసా నే మో అని భయ ంగా ఉంది .	0.5979
अब आपके घर पर कैसा करि समस ट री होना चाहिए , इस पर सो श ल मी ड िया में यु द ध चल रहा है .	ఇపపుడు ఎలా ంటి కరి సమ స చె టటు ను పెటటు కుంటా ం అనే ది కూడా సో ష ల మీ డి య ాలో పెదద చ రచ అయి ంది .	0.6639
थोडा सा भी कु त ू ह ल नहीं है ?	కొంచెం కూడా కు తూ హ ల ంగా లేదా ?	0.5836
कुछ और चीजें देखना चाहते हो जिन के बारे में तुम गलत हो ?	నువవు తపపు గా అను కునన మరి కొనని విషయ ాలను చూడ ాలని ఉందా ?	0.5738
अचछा हुआ हमने उसे स जा या था .	ప యా కి ంగ చేయి ంచి మంచి ద ె ంది .	0.4442
हाँ , यार , मैं देख सकता हूँ .	అవును , మి తర మా , తెలు సతుంది .	0.5817
दुनिया में थोडी अचछा ई फै ला ओ	పరప ంచా నికి కొంచెం మంచి చె య	0.5007
अगर तुम उ फा न ला ना चाहते हो	నిజంగా ఒక ము దర వే య ాలని ఉంటే	0.5535
नहीं ! नहीं ! मैंने नहीं किया . वह उसका फै सला था . और सच कहूँ तो , मुझे उस पर गर व है .	లేదు ! నేను చేయ లేదు . అది అతని నిరణ యం . చెపప ాల ంటే , నాకు అత నని చూ సతే గర వ ంగా ఉంది .	0.6712
मैंने कहा था . इस मु ज रि म से नि प ट ना टे ढ ी ख ी र है , है ना ?	చెపపా కదా . ఈ వయకతి కేసు చాలా ఇ బబంది పె డు తుంది , కదా ?	0.6070
पता है , मैं उसके लिए खुश हूँ . अगर तुम अपने सक ूल को बेहतर जगह बना ना चाहते हो ,	అంటే , ఆమె విషయం లో నాకు సంతోష ంగా ఉంది . నీ స కూ ల ని మంచి పర దే శ ంగా తీ ర చి ది దద డానికి ,	0.6261
यही है हमारा अग ला नि शा ना .	వీ డే మనం పీ డి ంచ ాల సిన వాడు .	0.5019
वह इसी के ला य क है . तुम जानते हो तुम कहना चाहते हो .	అలా అన డం లో తపపు ఏం లేదు . నీకు ఏం కావాల ో నీకు తెలుసు .	0.5992
कया हम ना र निया जा रहे हैं ?	మనం నా రని యా కి వెళ తుననా మా ?	0.5166
अब , वह थोडा ड रा वना है . जयादा नहीं बोल ता है . जयादा तर उ ँ ग ली से इ शा रा करता है .	వాడు కా సత భ యం కర ంగా ఉంటా డు . ఎకకువ గా మాటలాడ డు . వే లు ఎ కకు పె టటి చూపి సతు ంటా డు అంతే .	0.6509
तुम उस एक सवाल से डर ते हो .	ఆ ఒకక పర శ న అంటే నీకు భ యం .	0.6200
वह सब बहुत पहले की बात है .	అది చాలా కాల ం నా టి విషయం .	0.4966
कया है ? उस में कया लि खा है ?	ఇది ఏంటి ? అకకడ ఏ మని ఉంది ?	0.5081
- तुम मुझे नहीं जानते हो . - तुम खुद को नहीं जानते हो .	- నా గురించి నీకు తెలీదు . - నీ గురించి నీకు తెలీదు .	0.5468
उसने वह तब पो सट किया था जब वह छ ठ ी कला स में था , ग धे .	అది వాడు ఆర వ తర గ తి లో ఉనన పపుడు పో సట చేసా డు , వెధ వా .	0.6740
साल दर साल तुमहें यहाँ काम करने पर म जब ूर करता है ,	నువవు మళళీ బర తి కే అవకా శం ఉననా , నువవు ఏ ళళు తర బడి ఇదే	0.5868
- नहीं . बस एक से क ंड . - रो श नी में जाओ . बहन के साथ रहो .	- లేదు , ఒకక కష ణం . - కా ంతి లోకి వెళళ ు . మీ అ కక తో ఉ ండు .	0.7063
सुरकष ित रह ने और छो टा सोच ने से कोई बद ला व नहीं आए गा	ఉనన చో టు నే ఉ ంట ూ , చినన గా ఆలోచి సతే అను కునన ది సా ధి ంచ లే ం	0.6236
- करि भ ू . . . व रत मान के करि समस का भ ूत . . . - भ ूत . . .	- జీ సి . . . ఘ ో సట ఆ ఫ కరి సమ స పర జె ంట . . . - ఘ ో సట . . .	0.8001
रुको . नहीं . तुम कया कर रहे हो ? तुम कया . . . अरे !	ఆగు . వదదు . నువవు ఏం చేసతుననా వు ? వాళళు ఏం . . . హేయ !	0.6732
हैलो , दोसत ों . हैलो , रे नी .	హేయ , ఫ రెండ స . హేయ , రె ననీ .	0.5675
और उसके मा ता - पिता की अपनी ग ैर - ला भ कारी सं स था है .	అలాగే వాడి అమమా నానన లకు ఒక ఛ ా రి టీ సం సథ కూడా ఉంది .	0.6051
मेरे खया ल से तुम बना ना चाहते हो एक ल हर , ल हर , ल हर ?	నీకు మార పు తీసుకు రా వాలని ఉ ందని నాకు అనిపి సతుంది	0.5333
- हाँ , वह बहुत अचछा बच चा है , सच में . - ठीक है . मैं तुमहारी पि टा ई कर द ूँगा .	- అవును , వాడు నిజంగా నే చాలా మంచి కు ర రా డు . - ఆ పు . నినను క డు పు లో గు దదు తా .	0.6753
यहाँ कोई पि ल ला नहीं है .	కు కక పిలల అ ంట ూ ఏమీ లేదు .	0.5291
- यही वह खास प ल है . . . मि सटर ब रि ग स . - नहीं . . .	- ఇది ముఖ య మెన స ంద ర భ ం . . . మి సటర బ రి గ స . - లేదు . . .	0.7781
खैर , मैं स हम त नहीं हूँ .	ఏ మో , నే నె తే అలా అనుకో ను .	0.5263
पता है , अगर तुम च ली भी गई , जो कि तुम नहीं जाओ गी .	అంటే , ఒక వే ళ చని పోయి నా , నువవు చా వడం లేదు అనుకో .	0.6419
वह यहाँ है . अरे , इस तरफ .	ఇకకడ ఉననాడు . హేయ , ఇకకడ .	0.5647
तुमने सब बर बाद कर दिया !	నువవు అంతా నా శ నం చేసా వు !	0.4869
हम पू रे मै न है ट टन में पै दल घ ू मे और बात की और खि ं चा व महसूस किया और . . .	మేము మన హ టట న లో అలా న డు చు కు ంట ూ వెళలి , మాటలాడు కొ ని , బం ధం ఏ ర పర చు కుననా ం . . .	0.6983
थोडी और जयादा मे ह न त करो	ఇంకా సత కష ట పడి పని చేయాలి	0.5234
खैर , यह कहना नाम ुम किन है	అంటే , అది చెపప డం అ సా ధ యం	0.5546
- यह बहुत सट ीक है . सी पी ए म 1 0 4 को रो को , पलीज . - मुझे सुना ई नहीं दे रहा .	- అ చచ ం ఎ పపటి లా గే ఉంది . సి పి ఎ ం - 1 0 4 ని ఆ ప ండి , పలీజ . - నా కే ం వి ని పి ంచడం లేదు .	0.7025
मैं बता ऊँ ? हमें यह अभी करने की जरूरत नहीं है .	ఒకటి చెపప నా ? మనం ఈ పని ఇకకడ ే చేయ ాల సిన పని లేదు .	0.6015
हाँ . डि क ें स की कि ता ब और बिल म रे की फि ल म की तरह ,	అవును . డి కె నస న వల అలాగే బి ల ము ర రే సి ని మా ఇంకా	0.6215
- यह शुरू हो गए . - वह अनु चि त था , लेकिन , पता है ,	- మళళీ మొద లు . - అలా చేయడం వ ృ తతి కి వి రు దధ మే , కానీ ,	0.7056
बस करो . अपना मु ँ ह बंद रख ो और बस द ृ श य को देखो .	ఆ పు . నీ చెతత నో రు మూ సు కొ ని నేను చూపి ంచే ది చూడు .	0.5968
मुझे लगा हम निय म ों के अनु सा र काम करने वाले हैं .	ఇక పె అన నీ ని బం ధన ల పర కార మే చేసతా వు అను కుననాను .	0.6246
- खैर , यह बढिया है . - सा मु दा य ि क स वय ं से वी काम . . .	- భలే , ఇది బాగుంది . - క మ యూ ని టీ వాల ంట ీ ర పని . . .	0.7346
और तुमहारा भाई तुमसे कह रहा है कि शा ंत हो जाओ	ఇపపుడు నీ సోద రు డు నినను శా ంతి ంచ మని అడుగు తుననా డు	0.5529
कयोंकि मैं मान व जा ति पर एक स का रात म क पर भा व डाल सकता हूँ , या वै सा कुछ .	ఎందుకంటే నేను మా న వాళ ి కి మంచి చేయ గల వాడిని కా గలను అని ఏ దే దో అననా వు కదా .	0.6053
अ ती त के करि समस का भ ूत ,	ది ఘ ో సట ఆ ఫ కరి సమ స పా సట ,	0.5683
ठीक है . भगवान . कया उसने मेरे बारे में कुछ कहा ?	అలాగే . దేవుడా . వాడు నా గురించి ఏమెనా అననా డా ?	0.5853
मैंने कभी नहीं कहा था कि यह सर ल तरी के से होगा .	నేను ఈ పని సు ల భ ంగా జరుగు తు ందని చెపప లేదు కదా .	0.6087
मैं कोई रा कष स नहीं हूँ .	నేనే ం రా కష సు డిని కాదు .	0.5033
बस वै सा बर ता व करते रहो .	ఇపపుడు కూడా అలాగే చె య .	0.5101
एक और गा ना गा ने वाले हैं ? कया यह वा कई जरू . . .	ఇం కొ క పా ట పా డ ాలా ? తపప కుండా పా డ ాల సి ందే నా . . .	0.6130
मन करता है उसकी बात सुन कर किसी बू ढ ी और त को सी ढ ि यों से ध क का दे दो .	వీ డి మాట లు వి ంటే ఒక ము స లా వి డని మె టల మీద నుండి తో సే య ాలని అనిపి సతుంది .	0.6215
अब , आ ख िर कार , मेरे पास एक ऐसा मु ज रि म है जिस की पहुँच पू रे विश व में है .	సరే , ఇక చి వ రికి , పరపంచ ం అంత టా పర భా వా నని చూ ప గల ఒక డు మాకు దొ రి కా డు .	0.7154
मैंने उसका उसकी मौ त से आ मना - साम ना करवा दिया	నేను ఆమె కు తన చా వు ను పరి చ యం చేసి మ రీ పం పి ంచా ,	0.5811
मतलब , हाँ . वह सू ट पह ने हुए एक की डा है . है ना ?	అంటే , అవును . వీ డు ఒక ఏ - క లా సు పో రం బో కు . కదా ?	0.6783
मुझे वा कई लगता है तुम रि टा यर होना चाहते हो .	నీకు నిజంగా నే రి టె ర అవ వాలని ఉంది అనుకుంటుననా .	0.5580
- सिरफ यह देख सकता है . हाँ . - वह शान दार होता .	- తను మాతరమే చూడ గల డు . అవును . - అది భలే ఉంటుంది .	0.6376
और जब सब बिना दि क कत के हो जाता है तब हम करि समस पर पार टी करते हैं	అను కునన ది అంతా స కర మ ంగా జరిగి తే అపపుడు ఈ కరి సమ స పార టీ కి అవ ధ ు లే ఉండ వు	0.6238
- मैं तुमहारे साथ और समय बर बाद नहीं कर सकता , यार . - ग जब , कया भा ष ा है .	- నీ తో ఇక ఆట లా డే ఓ పి క నాకు లేదు , బా బు . - వా వ , బాగా మాటలాడు తుననావు .	0.6541
तुम यह मान कयों नहीं ले ते कि तुमने कि म बर ली को खुद को देख ने दिया ?	కి మ బె ర లి కి నువవు కావాల నే కనిపి ంచే లా అవకా శం ఇ చచా వని ఎందుకు ఒ పపు కో వు ?	0.6174
खबर मिल ते ही ओ वे न ने मुझे मै से ज किया था . मुझे उस बच ची पर गर व है .	ఆమె కు సీ ట రా గానే ఒ వెన మె సే జ చేసా డు . ఆ పిలల ని తల చు కు ంటే గర వ ంగా ఉంది .	0.6981
और ये मेरे स ह कर मी हैं ,	వీ రం తా నా స హో ద యో గు లు ,	0.5879
ओह , शायद मैं भूल नहीं गई हूँ कि सही कया है	ఓహ , బహుశా ఇంకా నా లో నా మన సా కషి పని చే సతు ందే మో	0.5396
यह बहुत , बहुत अजीब है .	ఇది చాలా వి ంత గా ఉంది .	0.4678
मैंने बताया था . यह बं दा बहुत खि जाने वाला है .	చెపపా ను కదా . ఆ వెధవ తో వే గ డం చాలా కష టం అని .	0.6195
वही कहानी लेकर वापस मत आ ना जो यह लेकर आई है .	నువవు కూడా ఈ మె లాంటి ప నే చేసి తిరిగి రా కు .	0.5220
- हमारा व रत मान करि भ ू रि टा यर हो गया . - करि भ ू ?	- ఆ తరవాత మా జీ సి పర జె ంట రి టె ర అయ యా డు . - జీ సి ?	0.5883
- सच में ? - अ ह - ह ँ . हाँ .	- అవునా ? - ఆ హ - హా . అవును .	0.6543
- नहीं . - हाँ . एक तरह से " भा ड में जाओ " जैसा .	- అవునా ? - అవును . దా దా పు గా " పోయి చా వు " అనన టటు .	0.6513
तुमहारा ल ह जा बे कार है .	నీ యా స ఛ ండ ాల ంగా ఉంది .	0.5370
- यह बं दा बु री तरह मेरे पीछे प डा हुआ है . - वापस सो जाओ , मि सटर ब रि ग स .	- ఇ తను ఎ ంతో కష ట పడి పని చేసతుననా డు . - వెళలి పడు కో ండి , మి సటర బ రి గ స .	0.7078
लेकिन , मतलब , कौन करि समस के पहले वाली शा म को ऑ फि स की पार टी दे ता है ?	కానీ , అంటే , కరి సమ స రోజు ముందు ఎవ డు ఇలా పని పార టీ పె డ తా డు చెపపు ?	0.6682
ओह , चलो भी . यह मत करो .	ఓహ , ఊ రు కో . ఇలా చేయ కు .	0.6055
क लि ंट , पलीज धी रे चलो !	కలి ంట , నె మమ ది గా వెళళ ు !	0.5543
यह अ ंत नहीं है , क लि ंट .	ఇదే అంత ం కాదు , కలి ంట .	0.5214
अ व सर का फा य दा उठा ने का च यन करो अब समय आ गया बच प न से बाहर आने का	అవకా శ ాలను అ ంది పు చచు కో వాలని నిరణ యం తీసుకో వాలి బాధ యత తీసు కొ ని న డ వాలి	0.5797
- मैं व रत मान के करि समस का भ ूत हूँ . - तुमहारे बॉ स ने तुमहें डा ँ टा	- నేను ఘ ో సట ఆ ఫ కరి సమ స పర జె ంట ని . - నీ బా స నినను ఫ ు ల గా తి టటి న తరవాత	0.6798
कोई बडी बात नहीं है . मैं . . . अरे , कि म बर ली के साथ सब कैसा रहा ?	అదే ం పెదద విషయం కాదు . నేను . . . హేయ , కి మ బె ర లి తో డే ట ఎలా గ డి చి ంది ?	0.6812
तुम यह सा बि त करने वाले थे कि ना सु ध र ने वाले लोग भी सु ध र सकते हैं .	వి మో చి ం ప శ క యం కానీ వయకతి కూడా మార గల డు అని నువవు ని రూ పి ంచ బో యా వు .	0.6776
खैर , मुझे म रे लग भ ग दो स दिया ँ हो चु की हैं .	అంటే , నేను చని పోయి రెండు శ తా బ ద ాలు అవు తుంది .	0.6534
- ऐसा कया ? मुझे नहीं लगता . - तुमने किया है .	- అవునా ? నేను అలా చేసి ఉండ ను . - నువవు చేసా వు .	0.6188
देखा ? वह इसके बारे में पो सट नहीं करना चाहता . शायद यह एक अचछा , वि न मर बच चा है जो बस . . .	చూ సా వా ? వాడి కి ఆ ఫో టో పో సట చేయ ాలని లేదు . బహుశా వాడు మ ంచ ో డే ఏ మో , మంచి గు ణం ఉనన . . .	0.6905
रुको , बस पहले मुझे यह कह ले ने दो , ठीक है ?	ఆగు . ననను కొంచెం ఒక విషయం చెపప నివ వు , సరేనా ?	0.5837
- कया बन ने लगे थे ? - मुझे लगा हम बन ने लगे थे ,	- ఒక రికి ఒక రం ఏంటి ? - నేను మనం ఒక రికి ఒక రం ,	0.6081
यार , मैं वैसे नहीं ना च सकता . कया तुम इस सब की बरा ब री कर पा ओ गे ?	ఒ రే య , నేను ఇలా డా నస చేయ లేను . మీ రం తా వాళల తో సమా న ంగా డా నస చేయ గల రా ?	0.6387
या मैं बस एक कम . . .	నేను గర వ ంతో వి ర ర . . .	0.6025
हाँ , इस करि समस पर हम उसके ऊपर म ँ ड रा एँगे ,	అవును , మేము ఈ కరి సమ స అత నని పీ డి ంచ బో తుననాం ,	0.6172
र फी , ये क माल के हैं .	రా ఫి , ఇ వి భలే ఉననాయి .	0.5574
और यह बहुत मुशकिल है .	అది చాలా పెదద సహా యం .	0.5074
यह सब कया हो रहा है ?	అయితే ఇ దంతా ఏంటి మరి ?	0.4329
- रुको . कया वह जू डी ड ें च थी ? - हे भगवान . वह पू रे देश को पया री है .	- ఆగు , ఆగు . అది జు డి డె ంచ ఆ హ ? - ఓ రి , దేవుడా . ఆ వి డ ఎ ంతో గొపప ది .	0.7294
- कोई सवाल नहीं ? - कोई सवाल नहीं . यहाँ रुको .	- పర శ నలు ఆ ప ాలా ? - ఇక పర శ నలు ఆ పు . ఇకకడ ఆగు .	0.5645
अब हम अस ली ज ॉ श को जानते हैं ! है श ट ै ग ज ह री ला	జా ష ఎలా ంట ో డో తెలి సింది ! # విష ప ూ రి త మెన వాడు	0.6433
- माफ करना ! - हे भगवान !	- కషమి ంచండి ! - దేవుడా !	0.5722
- इस साल का मु ज रि म कौन है ? - खैर , ये सब हैं .	- ఈ ఏ డా ది నే ర సతు డు ఎవరు ? - అందరూ నే ర సతు లే .	0.6842
एक वि शे ष ज ञ के रूप में मेरी सला ह है उस न फ रत को ह वा दो , कयोंकि न फ रत म जब ूत होती है	ఒక ని పు ణ ు డి గా నేను ఇ చ చే స ల హా ఏంట ంటే ఆ ద వే షా నని పె ంచండి , ఎందుకంటే ద వే ష ం చాలా బ ల మెంది	0.6780
हाँ . मैं बस . . . देखो , अगर तुम वह महसूस नहीं करते हो और व . . .	అవును . నేను . . . ఇలా చూడు , నీకు అలా అనిపి ంచ కపోతే , నేను . . .	0.6973
खैर , एक दिन तुम उ ठ कर सोच में पड जाती हो	ఒక రోజు ని దర లే చే స రికి స ందే హం వ సతూ ఉంటుంది	0.5823
सब ठीक है . हाँ , इसे बंद कर दो . शुकरिया .	పని పూరతి అయి ంది . అంతే , సీ న తీ సే య . థాంక స .	0.6204
- इस ने श ौ चा ल य जा म कर दिया . - गु ड आ फ टर न ून .	- ఆమె బా త రూ మ ను పా డు చేసి ంది . - ఇక ఉంటా ను .	0.6879
रुको . रुको . . . बस यही है ? तुम जा रहे हो ?	ఆగు . ఉ ండు . . . అంతే నా ? నువవు పో తుననా వా ?	0.6599
लेकिन चिंता मत करो . तुम बहुत बढिया करो गे .	కానీ ఏం చి ంతి ంచ కు . నువవు బాగానే ఉంటా వు .	0.5559
अगर मैं कम ब खत प ें च घ ा स में गि रा ता र हूँ गा !	పా రే సతు ంటే నేను దీని ని నిర మి ంచ లేను కదా !	0.5319
मैंने नहीं बो ला . मुझे भी सुना ई दिया . मुझे नहीं पता वह कया था .	అది నేను కాదు . నాకు కూడా వి ని పి ంచింది . అదే ంట ో నాకు తెలీదు .	0.6095
मैं जानती थी तुमहें जयादा लगा व हो जाएगा . मैं जानती थी . . .	నువవు ఇలా అ ంటు కు పో యే ర కా ని వి అని నాకు తెలుసు . నాకు ము ందే . . .	0.5891
हाँ , सी ने टर . यह अप मान जन क दिख ने के लिए ही डि जा इन किया गया है .	అవును , సె నె టర . కో పం తె పప ి ంచ ాల నన ఉద దే శ ంతో నే మనం చేసతుననా ం .	0.6729
सच में ? बढिया . शुकरिया . यह काफी उ चि त है .	నిజంగా ? అదభు తం . థాంక స . అది మంచి విషయం .	0.6394
मैं एक अचछे आदमी का इंतजार करते - करते थ क गई . मुझे बच चा चाहिए .	మంచి మ గా డి కోసం ఎదు రు చూ సే ఓ పి క ఇక లేదు . నాకు బి డ డ కావాలి .	0.6263
ठीक है . अ ल वि दा , जान .	సరే మరి . బె , బు జ జి .	0.5854
अब हमने नहीं कहा गु ड म ॉर नि ंग या गु ड ना इट	మేము ఇక ఉంటా నా నో లేక వెళ తా నన ో చెపప లేదు	0.5776
- और अब तुम पू रे डि क ें स जैसे बन गए ? - देखो , मुझे अब निय म ों के हि सा ब से चल ना पडे गा .	- ఇపపుడు అంతా రూ లస పర కా రం చేసతుననా వా ? - చూడు , ఇక పె అంతా నియ మ ాల పర కార మే చేయాలి .	0.7005
तुम बस ऐसे ही नहीं जा सकते . तुमहारा कया ?	నువవు అలా వెళలి పో కూడదు . నీ సంగ తి ఏంటి ?	0.5815
एक मिनट रुको . रुको .	ఒకక నిమిష ం ఆగు . ఆగు .	0.5257
नहीं , सब ठीक है . गा ओ . ठीक है , तुम गा ओ .	లేదు , కా నివ వ ండి . పా డు కో ండి . సరే , పా డ ండి .	0.6032
- ठीक है . - वह गलत था .	- సరే . - అదే ం బ ాల ేదు .	0.5752
- ठीक है . हाँ ? - हाँ .	- అలాగే . సరేనా ? - ప దా .	0.5474
- मैं मदद करने की कोशिश कर रहा हूँ . - मुझे मदद नहीं चाहिए .	- నేను సహా యం చేయ డానికి పరయతని సతుననా . - నాకు సహా యం అవసరం లేదు .	0.5851
मुझे उसके बारे में पूरी रि पो रट चाहिए .	నాకు వాడి గురించి పూరతి సమా చా రం కావాలి .	0.5580
- नहीं , वह बहुत आकर ष क है . - बेहद आकर ष क .	- నిజ మే , వాడు మ హా అంద గా డు . - మ హా అంద గా డు .	0.5580
एक छो टा सा पत थ र फ ें क ूँ एक बडी न दी में	ఒక పెదద పర వా హ ంలో కి చినన రా యి ని వి సర ాలని	0.5482
हाँ , मैं उसका आ भा री हूँ , लेकिन कुछ त किया कला म हैं जिन हें मैं आज मा ना चाहता हूँ .	అవును , అలా అనన ందుకు సంతోష ం , కానీ నేను కొనని డె లా గు లు చెపప ాలని అనుకుంటుననా .	0.5702
दरअसल , नहीं . मुझे कोई कु त ू ह ल नहीं है .	చెపప ాల ంటే లేదు . నాకు నిజంగా ఆ స కతి లేదు .	0.5773
अभी भी करि समस का समय है . अभी भी समय है .	ఇంకా కరి సమ స అయి పో లేదు . ఇంకా టె మ ఉంది .	0.5107
एक छो टा सा पत थ र फ ें क ूँ एक बडी न दी में	ఒక పెదద పర వా హ ంలో కి చినన రా యి ని వి సర ాలని	0.5482
और हर बार उस ी से मैं बद ला व ला ता हूँ .	అలా చేసిన పర తీ సారి , జ నం మా రు తూ వచచా రు .	0.5971
जैसे हम न शे में हों	మా మధయ అంతా ఆన ంద మే	0.5089
मैं ट ै म पा में अपनी स हे लि यों के साथ बहुत पार ट ियाँ करती थी .	టా ం ప లో నేను నా ఫ రెండ స తో తా గే సి చాలా ఎ ం జా య చేసే దానిని .	0.6332
- यह मत करो . मत करो . चलो भी . - पता है ?	- దయచేసి వెళళి పో కు . పలీజ . - ఒకటి చెపప నా ?	0.5921
ठीक है . . . बस करो .	సరే . . . మాటలాడ కు .	0.6948
- गु ड आ फ टर न ून ! - हाँ !	- ఇక ఉంటా ను ! - అంతే !	0.5719
नहीं . सच में नहीं .	లేదు . ఆమె కు తెలీదు .	0.4095
कया मैं हमेशा ना सु ध र ने वाला र हूँ गा ?	ఎ పపటి కీ వి మో చ న లే కుండా నే మి గి లి పో తా నా ?	0.5448
ड रा इ वर ! यह जिंदगी और मौ त का सवाल है .	డ రె వర ! ఒక మనిషి పరా ణ ాలు పో యే లా ఉననాయి .	0.5761
ठीक है . खैर , कया तुमने सोचा कि कया दा ँ व पर लगा है ? वह ना सु ध र पा ने वाला है !	సరే . మరి దీ నికి ఉండే పర య వ సా నా ల గురించి ఆలోచి ంచా వా ? వాడిని వి మో చి ంచ లే ము !	0.6210
- जाने का समय हो गया . - वह एक बच चा है . छ ठ ी कला स में है .	- ఇక నేను వెళళ ాలి . - వాడు చినన కు ర రా డు . ఆర వ తర గ తి కు ర రా డు .	0.6790
- मैं व रत मान के करि समस का भ ूत हूँ . - तुम कया कर रहे हो ?	- నేను ది ఘ ో సట ఆ ఫ కరి సమ స పర జె ంట ని . - నువవు ఏం చేసతుననా వు ?	0.6837
बात यह है कि यह बस एक अ लौ कि क ना ट क था .	చూ సా రా , ఇది కేవలం ఒక అత ీ ంద రి య కల ప న .	0.6542
लेकिन दो साल पहले , उसने टि कट ॉ क पर यह पो सट करके तु र ंत डि ली ट कर दिया था .	కానీ , రెండ ే ళల కరి తం , వాడు ఈ వీ డి యో ని టి క టా క లో పో సట చేసి వెంట నే తీ సే సా డు .	0.6280
कयोंकि तुम अपनी माँ की तरह अचछी हो .	ఎందుకంటే నువవు మీ అమమ లా గే మంచి దాని వి .	0.4607
- आ जाओ , ग ले मि लो . चलो . - अं कल क लि ंट !	- ఇలా రా , ప దా . దగగర కు రా . - అ ం కు ల కలి ంట !	0.6932
ल हर , कया तुम बना ना चाहते हो एक ल हर ?	మార పు , నీకు మార పు తీసుకు రా వాలని ఉందా ?	0.5373
- म ॉ म ने कहा हम आज रात एक तो ह फा खो ल सकते हैं . - बढिया .	- రాత రికి మనం బహు మ తులు తె ర వ వచచు అని అమమ చెపపి ంది . - సూ పర .	0.6833
तुम आ सा नी से जी त सकती हो , लेकिन उसके लिए तुमहें कुछ बु रे काम करने पड ेंगे .	నువవు ఆ పో టీ లో గె లవ గల వు , కా కపోతే కా సత అ నె తి కంగా న డు చు కో వాల సి ఉంటుంది .	0.6578
और दूसरे बचचे को चो ट पहुँ चा ने को कह रहे हो . और वह तुमहारी बात सुन रही है .	అలాగే ఇం కొ క కు ర రా డి భ విష యత పా డు చేయ మ ననా వు . అది నువవు అనన టటే చే సతుంది .	0.6677
- हो भी गया ? - हाँ .	- అ పపుడే నా ? - అవును .	0.5360
हाँ . लेकिन कया आप जिंदगी का एक और अ व सर नहीं चाहते हैं ?	అలాగే . కానీ మీకు మర ొక సారి పరా ణ ాల తో జీవి ంచ ాలని లేదా ?	0.5664
बडा को ने वाला ऑ फि स बा रह लोगों की टी म	పెదద కార న ర ఆ ఫీ సు 1 2 మంది ఉనన బ ృ ంద ం	0.5688
मैं वह बं दा हूँ जि से तुम लोग सता ओ गे ?	నన నే పీ డి ంచ ాలని ఎందుకు అను కుననా రు ?	0.5967
हैलो , मि सटर ब रि ग स .	హలో , మి సటర బ రి గ స .	0.5658
मतलब , रुको . नहीं .	అంటే , కాదు . ఆ గ ండి .	0.4958
नहीं , मैं तुमहें आँ क नहीं रहा हूँ .	లేదు , నేనే ం నినను హ ీ న ంగా చూడ డం లేదు .	0.5016
हैलो , मि सटर ब रि ग स .	హలో , మి సటర బ రి గ స .	0.5658
मेरी करि समस , डै न .	మె ర రీ కరి సమ స , డా న .	0.5359
क लि ंट , मत करो . उसके वापस आने से पहले मेरी बात सुनो .	కలి ంట , ఇపపుడు కాదు . అమమాయి వచచే లో పు నేను చెపపే ది వి ను .	0.6168
यह पे शा ब जै सी है .	ఇది దారు ణ ంగా ఉంది .	0.5386
सिरफ क लि ंट , है ना ?	కలి ంట ఒ కకడ ే , కదా ?	0.5267
एक सी मा है जि से ला ँ घ नहीं सकते और पता है ? वह यही है	దే ని కె నా ఒక హ దదు ఉంటుంది నా కె తే ఇదే ఆ హ దదు అనిపి సతుంది	0.6003
हमें पकका यकीन है .	క చచితంగా చెపప గల ం .	0.4705
नहीं , नहीं , नहीं , नहीं , नहीं . तुम एक भ ूत हो . चलो चल ें .	లేదు , లేదు , లేదు , లేదు . నువవు భ ూ తా ని వి . వెళ దాం ప దా .	0.5498
थोडी श रा फ त बाकी है	కొ ంత మంచి ఉంటుంది	0.4201
लेकिन अगर तुम रा स ते से भ ट क भी जाओ तुमहें खो या हुआ रह ने की जरूरत नहीं है	కానీ నువవు నీ మా రగ ం తపప ి నా కూడా అదే త పపుడు దా రి లో ఉండ ాల సిన పని లేదు	0.6447
हाँ , मैंने फि ल में देख ी है . मैं जानता हूँ कया करना है .	అవును , నేను సి ని మ ాల లో చూ సా . ఏం చేయ ాలో నాకు తెలుసు .	0.6277
रि सर च वाली मार जी से क हो नै ति क ता के साथ एक बैठ क त य करे	రీ సె రచ బ ృ ంద ంలో ఉనన మార జి తో పర ధా న మ ంత రి గా రి విషయ మె	0.6296
देखो इसकी ल हर ें कितनी दूर तक जाएँ गी	పర భా వం ఎంత మంది పె పడు తు ందో చూడ ండి	0.5755
देखो इसकी ल हर ें कितनी दूर तक जाएँ गी	పర భా వం ఎంత మంది పె పడు తు ందో చూడ ండి	0.5755
खैर . ह ँ सा ने के लिए शुकरिया , रो बर टो .	సరే . నవ వి ంచిన ందుకు థాంక స , రో బర టో .	0.6418
और मैं समझ ता हूँ यह गर व की बात है	అది గర వి ంచ దగ గ విషయం అని నాకు తెలుసు	0.5536
- थोडी अचछा ई फै ला ओ - थोडी अचछा ई फै ला ओ	- కొంచెం మంచి చె య - కొంచెం మంచి చె య	0.4668
और यही वह प ल है जिस के लिए हमने पू रे साल मे ह न त की है .	మనం ఈ ఏ డా ది అంతా కష ట పడి పని చేసి ంది ఈ తరు ణం కో స మే .	0.6867
लेकिन कोई यह नहीं बता ता कि कितना कुछ खो ना पड सकता है	కానీ అ ందుకు ఎంత త యా గం చేయ ాల సి ఉ ంటు ందో ఎవరూ చెపప రు	0.5796
देख रही हूँ तुम इसे दोबारा ला ए हो . बहुत सु ंदर है .	అలాగే నువవు నీ బంగా రా నని కూడా తీసు కొ చచా వు . భలే ఉంది .	0.5850
तो तुमने कुछ गलत नहीं किया बहुत , बहुत लं बे समय से	అంటే నువవు చాలా ఏ ళల నుండి ఎలా ంటి తపపు చేయ లేదు అనన మాట	0.5803
जे कब , मैं बता रहा हूँ . वह अब तक का सबसे बडा भ ूत िया कार ना मा हो सकता है . बेहद पर भा व शा ली .	జే క బ , చెప తుననాను కదా . మనం పీ డి ంచిన అ తి గొపప కేసు వా డే కా గల డు . పెదద పర భా వం ఉంటుంది .	0.6780
ये करि समस ट री वाले सम मे ल न करता यहाँ आने के लिए ऊँ चे दा म दे ते हैं ,	కరి సమ స చె టల పె సం భా ష ణ జర ప డానికి వచచి న వీ రు మీ లాంటి వెధవ లను చూడ కుండా ,	0.6698
मैं कि म बर ली हूँ .	నా పేరు కి మ బె ర లి .	0.5324
तुम गा ते रहो , मैं ख डा हो जाता हूँ .	నువవు పా డు తూ ఉ ండు , నేను ని ల బడ తా .	0.6268
मैं बस . . . अगर तुमहें ऐ त राज ना हो . . . कया मैं जलदी से न हा ल ूँ ?	ఒక పని . . . మీరు ఏం అనుకో ను అంటే . . . నేను కొంచెం స నా నం చేసి రా వచచా ?	0.7173
और मैं . . . हे भगवान , मुझसे और बर दा श त नहीं होता .	ఇక నాకు . . . ఓ రి , దేవుడా , నీ తో వే గే ఓ పి క నాకు లేదు .	0.6565
ओह , चलो भी , यार .	ఓహ , ఊ రు కో , వెధ వా .	0.5641
- मुझे तुम पर गर व है , बेटा . - अ ह - ह ँ .	- చాలా గర వ ంగా ఉంది , బా బు . - ఆ హ - హా .	0.7208
हाँ , वह अचछा है .	అవును , వాడు అంతే .	0.4717
उन लोगों का कया ?	ఆ జ నం సంగ తి ఏంటి ?	0.4816
ना सु ध र पा ने वाला	వి మో చ న లే కుండా నే	0.5421
- सब लोग मुझे देख सकते हैं . - हाँ .	- నేను అంద రికీ కనిపి సతుననా . - అవును .	0.5907
कया मतलब है तुमहारा ? तुम पहले तो अचछा कर रहे थे .	ఏం మాటలాడు తుననావు ? నువవు మొ నన బాగానే మాటలా డా వు కదా .	0.5441
लेकिन फिर जब मुझे पता चला कि तुम ना सु ध र पा ने वाले थे , मेरी तरह ,	కానీ తరవాత అనిపి ంచింది , " నీ లాంటి వి మో చ న శ క యం కానీ వాడిని మా రచ గ లి గి తే ,	0.6028
अरे , तुम कै सी हो ?	హేయ , ఎలా ఉననావు ?	0.5165
हम यह बहुत लं बे समय से करते आ रहे हैं , मि सटर ब रि ग स .	మేము ఈ పని ని చాలా ఏ ళలు గా చేసతుననా ం , మి సటర బ రి గ స .	0.6710
- समझ गया , क पता न . - चलो जलदी करें .	- అలాగే , కె ప టె న . - తవర గా పని చేయ ండి .	0.5916
मैंने अपने कि कर का साम ना किया . अब तुमहारी बा री है .	నాకు కష ట మెన దానిని ఎదు ర కొ ననాను . ఇపపుడు నీ వం తు .	0.6199
यहाँ गा ना - ब जाना होना चाहिए . यह बडा कला इ मै कस है .	ఈ పా టి కి పా టలు మొద లు కావాలి . పెదద కల యి మా కస జరగ ాలి .	0.5584
अचछे और बु रे के बीच की रे खा इतनी साफ भी नहीं है	మంచి చె డు ల మధయ వయ త యా సా నని అంత సు ల భ ంగా తెలుసు కో లే ము	0.6040
यह ख री सी ख कि लोग किसी भी चीज पर विश वास कर ल ेंगे अगर वे विश वास करना चाहते हैं .	జ నం నమమ ాలి అను కు ంటే ఎలా ంటి విష యానని అయి నా నమ ము తారు అనే గొపప విషయం తెలి సే లా చేసి ంది .	0.5708
यकीन कीजिए , सी ने टर . पो सट कीजिए .	ననను నమమ ండి , సె నె టర . పో సట చేయ ండి .	0.5441
हाँ . का श वह मुझ में शा मिल होता .	సర లే . అదే నిజం అయ యు ంటే బాగు ండ ే ది .	0.5663
अरे . यहाँ आओ . बैठ ो . बैठ ो , पलीज .	హేయ . ఇలా రా . కూ రచ ో . దయచేసి కూ రచ ో .	0.6441
कया ? कया यह तुमहें देख सकती है ?	ఏంటి ? ఈ వి డ కి నువవు కనిపి సతుననా వా ?	0.5284
- क माल का ए ह सा स था . - बडी बात होगी .	- ఆ భా వ న అత ీ త మెంది . - గొపప పని లా .	0.5958
- नहीं . रुको ! - यार ! सब . . . कया ?	- లేదు . ఆ పు ! - బా బు ! ఇది . . . ఏంటి ?	0.7416
- क लि ंट . - मुझे रे न से बात करनी है .	- కలి ంట . - నేను రెన తో మాటలాడ ాలి .	0.6417
यह कयों नहीं हो रहा है ? चलो भी .	అది ఇంకా ఎందుకు జరగ డం లేదు ? అబబా .	0.5432
मैं हमेशा भूल जाता हूँ . माफ करना .	నేను అ సత మా ను మర చి పో తుననా . సారి .	0.5585
खैर , तुम वा कई पहले से जयादा ऊ र जा वा न लग रही हो .	సరే , నువవు చూడ టానికి బాగా ఉ త సా హ ంగా ఉనన టటు ఉననావు .	0.6162
खैर , तुम वा कई पहले से जयादा ऊ र जा वा न लग रही हो .	సరే , నువవు చూడ టానికి బాగా ఉ త సా హ ంగా ఉనన టటు ఉననావు .	0.6162
लेकिन , मैं बस सोच रहा हूँ . . . मेरी बात सुनो .	కానీ , నా స ందే హం ఏంట ంటే . . . నేను చెపపే ది విన ండి .	0.6214
बेह तरी न भ ु ने हुए गो श त , म रा या कै री के गा नों की	రు చి కర మెన వి ందు ల గురించి , మర యా కే రి పా టల గురించి	0.6161
- तुमहें याद है ? - हाँ . हाँ , मुझे याद है . मैं . . .	- గురతు ందా ? - అవును . అవును , గుర తుంది . నేను . . .	0.6227
मतलब , मुझे लगता है वह थोडा अजीब होगा . वह मुझे वा कई पसंद करता है .	అంటే , నాకు అకకడ ఇ బబంది గా ఉంటుంది . వాడి కి నేను బాగా న చ చేసా ను .	0.6153
एक भ ूत रि टा यर हो कर कहाँ जाता है ?	ఒక భ ూ తం రి టె ర అయి ఏం చే సతుంది ?	0.6129
लेकिन कया मैं का बू पा सकता हूँ	కానీ నేను తపప ి ంచు కొ ని తి రుగు తునన	0.5120
- माफ करना ! - अरे !	- కషమించు ! - హేయ !	0.6177
तुमने कया किया ?	నువవు ఏం చేసా వు ?	0.5007
थोडी अचछा ई फै ला ओ	కొంచెం మంచి చె య	0.4079
थोडी अचछा ई फै ला ओ	కొంచెం మంచి చె య	0.4079
थोडी अचछा ई फै ला ओ	కొంచెం మంచి చె య	0.4079
थोडी अचछा ई फै ला ओ	కొంచెం మంచి చె య	0.4079
ठीक है , मैं समझ ता हूँ . लेकिन यह अ ंत बकवास है .	సరే , నాకు అరథం అయి ంది . కానీ ఈ ము గి ంపు ఏం బ ాల ేదు .	0.6087
मैं जलदी आ ऊँगा .	తవర గా వచచే సత ాల ే .	0.4424
कया तुम इसकी ग ूँ ज सुन सकते हो ?	ఆ మార పు చేసే శ బ దానని వి ంటుననా రా ?	0.5589
इसकी ल हर ें कितनी दूर तक जाएँ गी	ఈ మార పు ఎంత దూ రం వెళల గల దో చూడ ాలి	0.5769
- यह एक तरह से मेरे काम में शा मिल है . - तुम यहाँ काम करते हो ?	- నా వ ృ తతి రీ త యా అలా చేయ ాల సి ఉంటుంది . - నువవు ఇకకడ పని చే సతు ంటా వా ?	0.6312
बहुत लं बे समय के बाद किसी ने मेरे साथ से कस करने की कोशिश की है .	కానీ ఒక డు ననను ఇష ట పడి చాలా కాల ం కా వ డ ంతో నేను ఏం చేయ లేక పోయా .	0.6154
तुमने अपने भाई से कहा तुम उससे पयार करते हो .	నువవు మీ తమ ము డి కి తన ను పరే మి సతుననా అని చెపపా వు .	0.5589
इसी लिए अपनी बरा उ जर की हि सट री साफ कर दे नी चाहिए .	అందుకే మనం క చచితంగా బ రో జర హి సట రీ ని తీ సే య ాలి .	0.5881
देखो , हो सकता है मैं तुमहें बहुत जलदी तुमहारे कि कर में ले गया ,	చూడు , నీ కీ ల క జ ఞ ా ప క ంలో కి నేను నినను బ లవ ంత ంగా తో సి ఉండ ొ చచు ,	0.6026
- अगर हि म मत करो - अगर हि म मत करो	- ము ంద డుగు వే సతే - ము ంద డుగు వే సతే	0.4773
तुमने . . . तुमने कया . . . देखा ?	ఏం . . . నువవు ఏం . . . చూ సా వు ?	0.7156
शायद तुमहें मे ह न त करनी पड ती है , कभी उसके बारे में सोचा है ?	బహుశా నువవు ఇంకా కష ట పడి పని చేయ ాల ే మో , అలా ఎపపుడ ెనా ఆలోచి ంచా వా ?	0.6171
नहीं . रुको . नहीं . रुको , नहीं .	లేదు . ఆ గ ండి . లేదు . ఆ గ ండి , వదదు .	0.5314
सब लोग यहाँ ख डे हुए कयों हैं ?	అందరూ అలా ఎందుకు ని ల బడి ఉననారు ?	0.5147
मुझे अचछा लगे गा अगर तुम आओ गे .	నువవు వ సతే నేను చాలా సంతో షి సతా .	0.5397
अगर हम बना ना चाहते हैं एक ल हर	మనం మార పు తీసుకు రా వాలి అను కు ంటే	0.4814
- मुझे पकका यकीन है वह छो टा लै री था . खैर . . . - पकका यकीन है टा इ नी टि म था .	- అది లి టి ల ల యా రీ అని నాకు తెలుసు . ఏద ె తే నే ం . . . - క చచితంగా వాడి పేరు టె ని టి మ .	0.6675
. . . इं सा निय त के लिए जयादा स का रात म क शक ति में .	. . . మా న వాళ ి కి అత నని మంచి గా మార చి ఇవ వాలని .	0.6145
लेकिन तुमने उसका साम ना किया और उसके लिए हि म मत चाहिए थी और मुझे तुम पर गर व है . यहाँ आओ .	కానీ నువవు దీని ని ఎదు ర కొ ననా వు , ఇ ందుకు చాలా ధ ె ర యం కావాలి , నినను చూ సతు ంటే గర వ ంగా ఉంది . ఇలా రా .	0.6204
ठीक है . देखो , तुम यहाँ हो , तुम एक इंसान हो .	సరే . చూడు , నువవు ఇకకడ ే ఉననావు , ఇపపుడు మనిషి వి .	0.5626
हम में वह करि समस की सु बह वाली भा वना भ री हुई है	మ ాలో ఆ కరి సమ స రోజు సంతోష ంతో ని ండి పోయి ఉననా ం	0.5743
आपने कया किया ?	మీరు ఏం చేశారు ?	0.3917
दु ख द है , है ना ?	వి చా రక రం , కదా ?	0.5886
कया आप वह नहीं कह ने वाले थे ?	నువవు చెపప ాలను కునన ది అది కా దా ?	0.5360
कि लोग कभी नहीं बदल ते हैं . "	వాడిని వి మో చి ంచ లే ం అని అననా రు .	0.5128
जैसे कि हमारे पास पहले से ही	పర సతు తం కరి సమ స భ ో జ నా ల పె ఏ ర పడి న	0.4763
अचछा . हाँ , ठीक है . लेकिन , अरे , कया तुम वह कर सकते हो ? मेरी पा ली ले सकते हो ?	సరే . అలాగే , సరే . కానీ , హేయ , ఆ పని నువవు చేయ గల వా ? నా పని నువవు చేసతా వా ?	0.6764
अब से एक साल बाद , यह तुम सब के फोन पर होगा .	ఇం కొ క ఏ డా ది లో మీ అంద రి ఫోన లలో ఈ యా ప ఉంటుంది .	0.5925
- हाँ . - कया तुम यही सोच ते हो ?	- అవును . - నీకు అలా అనిపి సతు ందా ?	0.5886
तुम किस चीज से इतना डर ते हो ?	నువవు ఎందుకు అంత భయ పడు తుననావు ?	0.5051
तब मैं वा कई खुश ियाँ मना ऊँगा .	అపపుడు నేను ప ండు గ చేసు కుంటా ను .	0.5386
हाँ , वे तुमहारे बारे में चु ग लिया ँ कर रहे हैं .	అవును , నీ గురించి చెతత వా గు డు వా గు తుననారు .	0.5702
ठीक है . बस करो .	సరే . మాటలాడ కు .	0.5426
- या मैं बस पयार करने ला य क नहीं हूँ ? - पयार करने ला य क नहीं	- లేదా పరే మ కు నో చు కో కుండా ఉంటా నా ? - పరే మ కు నో చు కో కుండా ఉంటా నా ?	0.5530
तुमहारे क पडे मेरे लिए बहुत क से हुए हैं . मुझे अजीब लग रहा है .	నీ బ టట లు నాకు బాగా టె ట అయి పోయా యి . నేను వె ర రో డి లా ఉననాను .	0.6302
इस करि समस तुम तो गए , ना ला य क !	నినను కరి సమ స ఫ ూ ల చేశా ం , వెధ వా !	0.6137
और फिर वह हो जाएगा चार से आ ठ	ఆ నలు గు రు ఎ నిమి ది మంది అవు తారు	0.5241
- सी पी ए म 1 6 3 कया है ? - नहीं , मैं जानता हूँ यह अ सा धा रण है .	- సి పి ఎ ం - 1 6 3 అంటే ఏంటి ? - లేదు , ఇది అ సా ధా రణ ం అని నాకు తెలుసు .	0.6892
" जिंदगी और मौ त " ? मुझे लगा तुमने कहा था कोई बडी बात नहीं है .	" పరా ణ ాలు పో యే లా ఉననా యా " ? పెదద విషయం ఏం కాదు అననా వు కదా .	0.6541
लेकिन अगर तुम सही काम करने की कोशिश करो तुम सही रा स ते पर हो	కానీ నువవు చేయ ాల సిన పని ని చే సతే స రెన దా రి లోనే ని ల బడ తా వు	0.5635
खुश होने के लिए वह जा दु ई मि जा ज है बेहद जरू री	సంతోష ంగా గ డి పే అను భ వం మాకు తపప ని సరి అవసరం	0.6271
तो , पता है , उसके साथ जयादा क ठ ो र ता मत दिखा ना .	కాబటటి , వాడి మీద మ రీ అంత క ఠ ి న ంగా ఉండ క ండి .	0.5856
और शायद मैं देख ल ूँ कि मैं हमेशा नहीं र हूँ गा	బహుశా నేను ఎ పపటి కీ ఇలా గే ఉ ండి పో నని చూడ ాలి	0.5662
- कया यह बन गया ? - लेकिन मैं इसे बना नहीं सकता	- పని పూరతి అయి ందా ? - మీరు ఆ స క రూ లను గ డ డి లో	0.6193
ज ॉ . . . सुन ने में लगता है वह ,	జో . . . వాడి పేరు వి ంటు ంటే ,	0.6221
अरे , एक मिनट रुको , क लि ंट . . .	హేయ , ఒకక నిమిష ం , కలి ంట . . .	0.6706
अपनी ना राज गी को रो क कर रख ो , कयोंकि यह और बुरा होने वाला है .	కా సత నీ ఆ గర హా నని ఆ పు కో , నేను చెపపే ది ఇంకా పూరతి కాల ేదు .	0.6176
पो सट ना करे जब तक वह बे घर ों के आ शर य से पो सट ना डाल दे . . .	వెళలి వచచే వర కు ఆ వీ డి యో ని పో సట చేయ ొ దదు అని చెపపు . . .	0.6741
आपने मेरे लिए एक पि ल ला ख री दा ?	నా కోసం కు కక పిలల ని తె చచా వా ?	0.5898
गु ड आ फ टर न ून हमारी मन पसंद गा ली	ఇక ఉంటా ను మాకు ఇష ట మెన తి టటు	0.5812
- म जे कीजिए . - शुकरिया , बेटा .	- ఎ ం జా య చేయ ండి . - థాంక స , బు జ జి .	0.5982
अरे , तुमने सही फै सला लिया है .	హేయ , నువవు స రెన ప నే చేసా వు .	0.5655
- मेरी करि समस . - मेरी करि समस .	- మె ర రీ కరి సమ స . - మె ర రీ కరి సమ స .	0.4442
- उसने तुमहें बदल दिया ? - नहीं !	- అది నినను మార చి ందా ? - లేదు !	0.5952
मुझे लगा जब फै स ले की घ डी आए गी	కీ ల క మెన స ంద ర భ ాలు వచచి నపపుడు	0.6013
- हाँ . अचछा . ठीक है . - बढिया .	- సరే . అలాగే . చే దదాం . - మంచిది .	0.6393
उस सब क ने मुझे इतना अ मी र बना दिया कि मैं ला ख ों पि ल ले ख री द सकता हूँ .	ఆ ఒకక పా ఠ ం , కొనని లకష ల కు కక పిలల లు కొ ను కకు నే ంత ధన వం తు డి గా ననను మార చి ంది .	0.6649
मैं जानता हूँ वह का टा हुआ द ृ श य है . मैं ऑ डियो माँ ग रहा हूँ . ठीक है , बॉ नी ?	ఆ సీ న తీ సే సా వని నాకు తెలుసు . మాట ల రి కార డి ంగ ఉననా చ ాలు . సరేనా , బా ని ?	0.6631
उन न ति के लिए जब मैं बढ ूँगी 3 9 व ें फ लो र की ओर	జీ తం లో పె ంపు కోసం 3 9 వ ఫ లో రు లో సతా నం కోసం	0.6341
ठीक है , टी म , मे क अप जा ँच लो . मैं जा रही हूँ .	సరే , టీ మ , సిదధ ం అవ వ ండి . నేను వెళ తుననాను .	0.6608
मुझे पता नहीं . मैं नहीं चाहता लोग यह सोच ें कि मैं यह बस चु ना व जी तने के लिए कर रहा हूँ .	ఏ మో . ఈ పని ని నేను కేవలం ఎ లె కష న లో గె ల వడానికి మాతరమే చేసతుననా అని జ నం అనుకో కూడదు .	0.6530
लेकिन मेरे खया ल से इसे पो सट करना ठीक रहे गा .	కానీ ఇది పో సట చేసి నా పర లేదు అనిపి సతుంది .	0.5774
या मैं यहाँ से जा सकती हूँ और सिर उठा कर नौ करी छोड द ूँ	లేదా ఈ తలు పు గు ండా వెళలి ధి కక రి సతూ నా ఉద యో గా నని మా నే య గలను	0.5884
मैं खि ड की से बाहर देख ूँगा और मुझे स ड क के पार अपना पड ो सी , ड ग दिखा ई दे गा ,	ఆ పె నుండి నేను కి టి కీ ద వా రా నా ప కకి ంటి వయకతి డ గ , తన న కి లీ చె టటు ని	0.6490
कोई भी क बर की तरफ उ ँ ग ली दिखा सकता है . सब मुझसे स हम त हैं .	బె ది రి ంచడం గొపప విషయం కాదు . ఆ మాట అందరూ ఒ పపు కుంటా రు .	0.6423
जयादा द या ल ु , एक नया इंसान ?	మంచి వాడి గా , ఒక న ూ తన వయకతి గా	0.5318
देखो , यह एक जाना - मा ना त थ य है	చూడ ండి , ఒక వయకతి య ొ కక మంచి	0.5225
भूल जाओ . यह इस ला य क नहीं है .	వదిలే య . నీ తో వే గ డం అన వ సరం .	0.6393
तुम यहाँ कया कर रहे थे ? वह तुमसे कैसे बात कर रही थी ?	ఈ సీ న లో నువవు ఏం చేసతుననా వు ? ఆమె నీ తో ఎలా మాటలాడు తుంది ?	0.5920
वह बहुत अचछी बात होगी , बेटा .	అది చాలా మంచి పని , బంగా రం .	0.4868
- क लि ंट ? - हाँ ?	- కలి ంట ? - ఏంటి ?	0.5733
स कर ू ज और मार ली	స క రూ జ & మార లె	0.5236
बस आने दो . . .	చెపపే సే య . . .	0.6342
कयोंकि यह सप ना	ఎందుకంటే ఈ కల	0.3542
यह देख ने में बहुत म जे दार है .	చూడ డానికి భలే సర దా గా ఉంది .	0.5769
देखो , यह . . .	చూడు , ఇది . . .	0.6744
वह बहुत अचछी बात होगी , बेटा .	అది చాలా మంచి పని , బంగా రం .	0.4868
ना सु ध र ने ला य क	వి మో చ న దొ ర కదా	0.5866
माफ करना , लेकिन कया तुम . . .	కషమి ంచాలి , కానీ నువవు . . .	0.5867
लेकिन कया रे न ने वी डियो पो सट किया या नहीं ?	ఇంత కీ రెన ఆ వీ డి యో ని పో సట చేసి ందా లేదా ?	0.5421
खैर , अब तुमहारे पास एक है .	సరే , ఇపపుడు నేను ఉననాను కదా .	0.4894
आप हो सकते हो आ लो च क और पा पी जो सिरफ खा मि या ँ देख ता है	నువవు అంద రి లో లోప ాలను మాతరమే చూ సే పా పా త ము డి వి అయ యు ండ ొ చచు	0.6196
कृ त रि म श व सन व ग ै रह कुछ करो गे ? वे बस ख डे हुए कयों हैं ?	ఎవరూ క నీ సం సి పి ఆర కూడా చేయ రే ం ? అలా ఎందుకు ని ల బడి ఉననారు ?	0.6701
- पलीज . - बढिया .	- పలీజ . - సూ పర .	0.6084
लेकिन तुमहें बैठ कर गु ससा करने की जरूरत नहीं है बस अपने अंदर के स कर ू ज को बाहर आने दो	కానీ నువవు అలా వి చా ర ంగా ఉండ ాల సిన పని లేదు నీ లో ఉనన నీ అసలు గు ణ ా నని వె లి కి తీ యి	0.6350
मैं व रत मान के करि समस का भ ूत हूँ . मैं बर ै ड पि ट नहीं हूँ .	నేను ది ఘ ో సట ఆ ఫ కరి సమ స పర జె ంట ని . బ రా డ పి ట ని కా ను .	0.6973
कोई बात नहीं . हम सब को कभी - कभी बे कार आई ड िया आ ते हैं .	ఏం పర లేదు . నాకు కూడా అ పపుడ పపుడ ూ చెతత ఐ డి య ాలు వ సతు ంటా యి .	0.6493
प तनी और बच चों वाली कहानी जो साफ त ौर पर तुमहें चाहिए	భా ర యా పిలల లతో సా గి పో యే నీ క థ నువవు కావాల ను కునే ఆ జీవితం	0.5424
मुझे कोई मार मि क भा वना मिल ही नहीं रही जि से हम पक ड सक ें .	మనం ఆ స రా గా తీసుకో వడానికి స రెన హ ృ దయ తీ గ దొ రక డం లేదు .	0.6548
मेरे पास बस एक चीज है जो तुमहें वा कई . . .	నేను అడ గ ాలను కు ంటు నన ఒక విషయం ఉంది . . .	0.6447
हमने इन पै ं तर ों के बारे में बात की है .	మనం ఇలా ంటి ఎ తతు గ డ ల గురించి మాటలాడు కుననా ం .	0.5584
सुनो . . . वह सच होने की जरूरत नहीं है .	ఇలా చూడు . . . ఇది నిజం కావాల సిన పని లేదు .	0.6474
- लेकिन तुमहारे लिए , मैं औ सत पसंद कर ूँगा . - इसके नंबर कभी कम नहीं . . .	- కానీ నీకు సి లు వ సతే మంచిది . - దీ నికి ఎపపుడూ అంత చెతత మార కు . . .	0.6804
तुम इसे स ंदर भ से बाहर ले जा रहे हो . रुको , देखो आगे कया होता है .	నువవు విషయం తెలియ కుండా అలా అ ంటుననా వు . ఆగు , తరవాత ఏం జరుగు తు ందో చూడు .	0.6138
मतलब , वह बस एक बच चा है . . .	అంటే , వాడు చినన కు ర ర . . .	0.6091
है ना ? मैं वा कई मान ता हूँ कि तुम मान व जा ति पर एक स का रात म क पर भा व डाल सकते हो .	అవును కదా ? నువవు మను ష ు ల పె మంచి పర భా వా నని చూ ప గల వయకతి వి కా గల వు అని నేను నమ ము తుననా .	0.6360
खुश ियाँ मना नी चाहिए ? बकवास !	ప ండు గ రోజు లలో నా ? నో రు ము య !	0.5442
और अगर तुमहें झ ट का लगा तो तुम भा ड में जा सकते हो , यार !	నువవు నమమ లే కపోతే వచచి నా కా ళళు ము దదు పెటటు కో , బా బు !	0.6297
और तुम यहाँ बैठ े रह सकते हो	నువవు మా తరం ఇకకడ ే ఆ హా ర ంతో	0.5444
- मैं थ क गया हूँ . - मैं भी .	- నేను అ ల సి పోయా . - నేను కూడా .	0.5705
- हैलो , सि ड नी . - हैलो , क लि ंट .	- హేయ , సి డ నీ . - హేయ , కలి ంట .	0.6022
छो टी सी ऑ न ला इन झ ड प के कारण ?	ఒక చినన ఆన లెన నే రా రో ప ణ కా ?	0.5779
हम कुछ स के ट व ग ै रह कि रा ए पर ल ेंगे और हम म जे करेंगे .	కొనని స కె ట స అ దద ె కు తీసు కొ ని వ సతా ం , తరవాత ఎ ం జా య చే దదాం .	0.6632
ग जब . वह . . . मतलब , पता है , उसके लिए कोई ऐसा चाहिए जो बहुत . . .	వా వ . అది . . . అంటే , అ ందుకు నీకు ఎవరెనా అన నీ బాగా తెలి సిన వయకతి . . .	0.7086
अरे , वे सारे लोग बुरा कयों मान गए थे ?	హేయ , ఇం కొ క టి , ఆ జ నమ ంతా ఎందుకు కో పప డ డా రు ?	0.6023
तो , मैं बस यह पूरी तरह समझ ना चाहता हूँ . तुम स कर ू ज थे .	సరే , నాకు ఒకటి అరథం అ యయ ే లా చెపపు . నువవు స క రూ జ వి .	0.6881
देखो , तुम हमेशा इसके चे ह रे पर आत म - घ ृ ण ा के भा व से बता सकते हो .	చూ సా వా , నువవు ఆమె పె ఆమె కో పప డు తునన టటు ఉనన ఆ మొ హా నని చూ సి చెపప ొ చచు .	0.6685
अरे , रॉ नी . रॉ नी , उसे नीचे रख ो . रॉ नी ! रॉ न लड जे . फि श मै न पर ै ट , उसे नीचे रख ो !	హేయ , రా ని . రా ని , దానిని కింద పెటటు . రా ని ! రో నా ల డ జే . ఫి ష మయా న పరా ట , కింద పెటటు !	0.6601
साथ ही बहुत सारे पैसे भी	అలాగే బో లె డ ంత లా భా నని కూడా	0.4982
स द भा वना फै ला ते हैं किसी म हा मा री की . . .	మ హ మ మా రి లా మంచి త నా నని ప ంచి పె డు తూ . . .	0.6543
हाँ , रही है .	అవును , నిజ మే .	0.4829
मैं बस कहना चाहती हूँ कि सब कुछ ए च आर अन ुम ो दि त है , सब ठीक है .	ఇ దంతా హె చ . ఆర వారి ఆ మో ద ం పర కార ంగా నే జరుగు తు ందని చెపప ాలను కుంటుననా .	0.6327
अब कया तुम द ृ श य दोबारा शुरू कर सकती हो ?	ఇపపుడు కా సత ఆ సీ న ప లే చేసతా వా , పలీజ ?	0.6215
कया तुम कभी आई ने में देख कर यह सोच ते हो ,	నువవు ఎపపుడ ెనా అ దద ంలో మొ హం చూ సు కొ ని ,	0.6201
मुझे तुमसे एक ए ह सान माँ ग ना है . और यह बहुत मुशकिल है .	నేను నినను ఒక సహా యం అడ గ ాలి . అది చాలా పెదద సహా యం .	0.6202
कया मैं हमेशा	నేను ఎ పపటి కీ	0.4696
नहीं , मत करो . उसे वापस रख दो , पलीज . शुकरिया . यह . . .	వదదు . దానిని అకకడ ే పెటట ె య , పలీజ . థాంక స . ఈ యన . . .	0.7396
वह शान दार था .	భలే కొ టట ా వు .	0.4054
हैलो , सट ु अ रट .	హేయ , సట ు వర ట .	0.5842
तुमहारा भाई .	నీ సోద రు డి నే .	0.3560
- लेकिन फिर भी , सुन ना अचछा लगता है . - जरूर लगता होगा .	- అయి నా కూడా , అలా అ ంటు ంటే విన డం బాగుంది . - నిజ మే .	0.6202
इसे बस रात में देर से घर आने का ब हा ना मत बना ना .	కానీ దీని ని వ ంక పెటటు కొ ని రాతరి ఇంటికి లే ట గా రా కు .	0.5509
- कया हम रु क कर जरा बात . . . - यकीन नहीं होता हमें दिन में बस एक लि फ ट मिल ती है .	- మనం కొంచెం నె మమ ది ంచి . . . - లి ఫ ట ఒక సారి మాతరమే దొ రు కు ంటు ంద ంటే నమమ లేను .	0.6894
और मैं तुमहारा घर स स ते में ख री द ल ूँगा ,	ఆ ఇంటి ని నేను చి లల ర కు కొ ంటా ను చూడు ,	0.5996
अरे , कया हमारे मर ने के बाद कोई हमारी सर च हि सट री मि टा ता है ?	హేయ , మనం చని పోయి న తరవాత , ఎవరెనా మన ఇంట ర నె ట హి సట రీ ని తొ ల గి సతా రా ?	0.6033
- शुकरिया , जान . - देखो , तुमहें लगता है मैं इससे ल ल चा जा ऊँगा ?	- థాంక స , బు జ జి . - ఇలా చూడు , ఇది చూ సి నేను ల ొ ం గి పో తాను అను కుననా వా ?	0.6676
तुम मेरे मे मो नहीं पढ रहे हो , है ना ? हम वि सता र कर रहे हैं , जे क .	నేను పం పి ంచే మె మో లు చ ద వడం లేదా ? బ ృ ందా నని పె ంచు తుననాం , జే క .	0.6649
खैर , मेरे खया ल से शायद स फ ल ता ऐसी ही दिख ती होगी	బహుశా ఇలా గే ఉ ంటు ందే మో జీవితం లో వి జ యం సా ధి ంచడం అంటే	0.5841
- खैर , दरअसल . . . - हाँ . चलो भी . तुम कर सकती हो .	- అంటే , నేను . . . - అవును . చెపపు . నువవు ఇది చేయ గల వు .	0.6991
पलीज , मैं भी ख माँ ग ता हूँ .	పలీజ . బర తి మ ాలు కుంటుననా .	0.5439
अरे ! कं डी शन र कया होता है ?	హేయ ! క ండి షన ర అంటే ఏంటి ?	0.5651
सिरफ यह उसे देख सकता है . का श तुम लोग देख पा ते !	ఇ తను మాతరమే చూడ గల డు . మీరు కూడా చూడ గ లి గి తే బాగు ండు !	0.6064
यह जरूर मजाक कर रहे हो .	నేను ఇది నమమ లే కపో తుననాను .	0.4904
हम तुमहें पु रा नी याद ों के नाम से बरा ंड करेंगे तुमहारे ग रा ह कों से क हें गे तुमहें पर वाह है	ఒక నా టి జ ఞ ా ప కాల ను వాడు కొ ని మీరు వారి గురించి ఆలోచి సతా రని కష ట మర లకు తెలి సే లా చేసతా ం	0.6457
ब रि ग स मी ड िया सम ू ह से , क लि ंट ब रि ग स .	బ రి గ స మీ డి యా గర ూ ప నుండి , కలి ంట బ రి గ స .	0.6663
- शायद मैं . . . - कया ? शायद तुम कया ?	- బహుశా అపపుడు . . . - ఏంటి ? బహుశా ఏంటి ?	0.5917
- इस ने तुमहें वे श या कहा . - गु ड आ फ टर न ून .	- ఆమె నినను ము ండా అ ంది . - ఇక ఉంటా ను .	0.6223
मैं अ ना थ हूँ . पलीज , सर , मुझे थोडा और मिल सकता है ?	నే న ొక అ నా థ ని . పలీజ , సర , నాకు ఇం కొంచెం ఇ సతా రా ?	0.6869
खैर , हाँ . सता ने का मेरा हि ससा पूरा हो गया है .	అవును , సరే . నినను పీ డి ంచడం లో నా పని పూరతి అయి ంది .	0.5535
- तुम बेवकूफ लग रहे हो . - तुम बेवकूफ लग रहे हो .	- నువవు వె ర రో డి లా ఉననావు . - నువవు వె ర రో డి లా ఉననావు .	0.5350
- तो बात यह है . छो टा सा आई ड िया है . - जलदी बो लो .	- ఒకటి చెప తా . చినన ఐ డి యా . - చెపప డం తవర గా పూరతి చె య .	0.6148
मैं खाना ले ने जा रहा हूँ . ठ े ले वाला टा को खाना है ?	నేను భ ో జ నం కోసం వెళ తుననాను . నీకు టా కో కా వ ాలా ?	0.5884
. . . मेरे भ वि ष य में , छो टा लै री मर गया था और वह मेरी गलती थी .	. . . నా భ విష యత తు లో , లి టి ల ల యా రీ నా కారణ ంగా నే చని పో తా డు .	0.6667
- बढिया , हम ग ले मिल रहे हैं ? यहाँ आओ . - ओ वे न . ठीक है , सुनो . . .	- అదభు తం , హ గ స ఇ సతుననా వా ? ఇలా రా . - ఒ వెన . చెపపే ది వి ను . . .	0.7854
सू ख ी हुई , विश राम की हुई और उममीद है , एक न ई इंसान के रूप में .	వి శ రా ంతి నుండి , పూరతి బ ల ంతో ఒక న ూ తన వయకతి గా మే లు కో వచచు .	0.6546
कया मैं भी खेल सकती हूँ ?	నేను కూడా మీ తో ఆడ ొ చచా ?	0.5219
कया ? मुझे म रे 4 0 साल हो चु के हैं ,	ఏంటి ? నేను చని పోయి 4 0 ఏ ళళు అవు తుంది ,	0.6213
ब रि ग स मी ड िया सम ू ह . एक मिनट रु कि ए .	బ రి గ స మీ డి యా గర ూ ప . ఒకక నిమిష ం లెన లో	0.6593
मुझे आपको परे शान नहीं करना चाहिए था .	నేను నినను ఇ బబంది పె టటి ఉండ కూడదు .	0.5743
खैर , ठीक है .	సరే , అలాగే .	0.4545
हम इसके बारे में बाद में बात करेंगे .	ఆ విషయం మనం మళళీ మాటలాడు కు ందా ం లే .	0.4903
बढिया . करि समस की श ॉ पि ंग .	అదభు తం . కరి సమ స షా పి ంగ .	0.5972
तुम बे कार खा ने से भी जयादा बे कार महसूस कर रहे हो	పరపంచ ంలో ని వి చా ర మ ంతా నీ మొ హ ంలో నే కనిపి సతుంది	0.5655
हाँ . ठीक है .	సరే . అవును .	0.4895
- बढिया . हाँ . बढिया . - ठीक है . यह उनका दो ष है .	- మంచిది . అవును . ఇది మంచిది . - సరే . ఇది వాళళ తపపు .	0.6517
- अरे , यह तुम हो . - हाँ .	- హేయ , ఇది నువ వా . - అవును .	0.6434
क लि ंट , रुको .	కలి ంట , ఆగు .	0.4551
यह ली जिए . मेरी करि समस .	తీసుకో ండి . మె ర రీ కరి సమ స .	0.4839
- हाँ , पलीज और शुकरिया , दोसत . - कोई दि क कत नहीं है .	- అవును , తీసుకు రా , థాంక స , మి తర మా . - ఏం పర లేదు .	0.7034
मैं बता ऊँ ? कयों यही ? यह तुमहारे बारे में कयों नहीं है ?	ఒకటి చెపప నా ? ఎందుకు కాదు ? నీ గురించి ఎందుకు మాటలాడు కో కూడదు ?	0.5482
यह बस तुमहारा आ म काम के बाद वाला अ व सा द है , हाँ ?	ఎ పపటి లా గే పీ డి ంచి వచచి న తరవాత ని రా శ గా ఉందా ?	0.5766
कया हम वापस ऊपर जा रहे हैं ? कया तुम कुछ भूल गए ?	మనం పె కి వెళ త ననా మా ? నువవు ఏమెనా మర చి పోయా వా ?	0.6000
पता है जब फु ट ब ॉल सट े डि य म में लोग उ ठ ते - बैठ ते ल हर बना ते हैं ? वैसे . जयादा उस तरह से .	ఫ ు ట బ ాల సట ే డి యం లో జ నం చే తులు అ లల లా ఊ పి తే ఎలా ఉ ంటు ందో తెలుసు కదా ? అ చచ ం అలాగే .	0.7264
तो , तुमहें लगता है वह बदल गई है ?	ఆమె మా రి పోయి ఉంటుంది అనుకుంటుననా రా ?	0.4527
और फिर उसके बारे में गा ना गा ते हैं .	తరవాత ఆ విషయ మె పా టలు పా డు తు ంటా ం .	0.5918
कोई और सु बह इससे जयादा पया री है ?	ఇంత కు మి ంచిన రోజు ఇం కే మెనా ఉ ంటు ందా ?	0.5096
मैं जानता था . तुमने इसे खुद को देख ने दिया कयोंकि तुम इसे पसंद करते हो .	నాకు తెలుసు . నీకు ఆమె న చచి ంది , అందుకే ఆమె కు నువవు కనిపి సతుననా వు .	0.6063
कया तुम क पडे के नीचे खु ज ला सकते हो ?	నా నె ట దు సతు ల లోకి చేయి పె డ తా వా ?	0.6416
भगवान , तुम बहुत बु रे दिख रहे हो .	దేవుడా , నువవు చాలా దారు ణ ంగా ఉననావు .	0.5257
कयोंकि वह शा ली न और ई मान दार यु व ती	ఎందుకంటే ఆ మంచి , గు ణ వం తు రాల ె న యు వ తి	0.6013
कोई और सु बह इससे जयादा पया री है ?	ఇంత కు మి ంచిన రోజు ఇం కే మెనా ఉ ంటు ందా ?	0.5096
अब , मेरे दोसत , तुम यहाँ बैठ े हो एक बे कार सी ब रि टि श बार में	హలో , మి తర మా , నువవు ఇపపుడు ఈ చెతత బ రి టి ష బా రు లో ఉననావు	0.6597
तुम एक बचचे की मदद करने के लिए भाग ते हुए यहाँ चले आए .	ఒక పి లలా డి కి సహా యం చేయ డానికి ఇకకడికి పరి గె తతు కు ంట ూ వచచా వు .	0.5774
मैं किसी नाम ुम किन काम पर पू रे साल का पर भा व बर बाद नहीं करने वाला . माफ करना .	ఎలా ంటి పర యో జ నం లేని ఒక డి మీద ఏ డా ది అంతా వ ృ ధా చేసే రి స క నేను చేయ లేను . ఏమీ అనుకో కు .	0.6061
लेकिन कया होगा अगर मैं अपनी जिंदगी फिर से ख रा ब कर द ूँ जैसे पहले की थी	కానీ కరి తం సారి లా గ ఈ సారి నా జీవి తా నని మళళీ నా శ నం చేసు కు ంటే ఎలా	0.6109
नर म है . एक ही श बद बो ले .	మె తత గా ఉననాయి . జి ంక స .	0.6013
. . . मजाक नहीं कर रही .	. . . జో క చేయడం లేదు .	0.5962
मैंने कहा , गु ड आ फ टर न ून .	ఇక ఉంటా ను అననా ను కదా .	0.4795
रि टा यर हो कर कहाँ जाओ गे ?	దే నికి రి టె ర అవు తా వు ?	0.5347
मैं सब ग ड ब ड कर द ूँगा .	నేను ఏద ొక తపపు చేసతాను .	0.4561
वह बुरा कैसे . . . यह सुन ने में अचछा लग रहा है .	ఇది దారు ణం ఎలా . . . మంచి ప నే జరిగింది కదా .	0.6537
रुको . इ त ता - बि त ता आ इ जै क .	ఆగు . ఇ ట సి వి ట సి ఇ సా క .	0.6111
- यहाँ आओ . ठीक है . - हाँ .	- ఇలా రా . సరే . - అవును .	0.6355
- हाँ , मेरे खया ल से वह स भ य लगता है . - किस से .	- అవును , అలా అంటే విన డానికి బాగుంది . - ఎవరి తో నో .	0.6228
- जो उनहोंने मिलने वाले हर एक बेवकूफ के साथ की ? - हाँ . हाँ , वे चाहते हैं , न ई लडकी .	- చేసిన పర తీ పని గురించి మాటలాడ ాలని అనుకుంటా రా ? - అవును . అవును , కొతత పి లలా .	0.6447
सं भ ल कर रहना , न यू य ॉर क श हर . यह बं दा हर म ही ने न हा ता है !	కా చు కో , న యూ యా రక న గర మా . నేను నె లకు ఒక సారి స నా నం చే సతు ంటా !	0.6855
जि ंदा , सा ँ स ले ते हुए और ऐसी चीज ों पर अपनी रा य दो गे जिन के बारे में तुमहें कुछ पता नहीं होगा .	పరా ణ ాల తో , ఊ పి రి తీసుకు ంట ూ , నీకు ఏ మా తరం తెలియ ని విషయ ాల పె సో ది మాటలాడు కు ంట ూ బర త క వచచు .	0.6982
सब ठीक है . मैं उसे ला सकती हूँ .	ఏం పర లేదు . నేను వెళలి తీసు కొ సతాను .	0.5290
- अब , मुझे इ जा ज त देना . - जे कब , पलीज .	- సరే మరి , ఇక ఉంటా . - జే క బ , పలీజ .	0.6990
नर म च म डे की कु र सी मे ह न त का फ ल अ सी म	అంద మెన లె థర కు రచ ీ నా అ మె రిక న కల	0.6220
शा बा श , लडकी . उनके छ क के छु डा दो .	వెళలి అద రగ ొ టటు , పి లలా . దు మ ము రే పు .	0.6548
वह कया था ? मेरा मु ँ ह जल रहा है .	ఎందుకు కొ టట ా వు ? నా మొ హం క ాలు తుంది .	0.5597
- यह लग भ ग गर म है . - यह पर फ े कट है .	- దా దా పు చాలా వే డి గా . - సరి గగా ఉంది .	0.5167
तुम इसमें इतनी अचछी कैसे हो ? हम यह साल में बस एक बार करते हैं .	నీకు ఎలా ఇది ఇంత బాగా వ సతుంది ? మనం ఇది ఏ డా ది కి ఒక సారి కదా చే సతు ంటా ం .	0.5823
खैर , यहाँ ख डे रह कर बात करना व ग ै रह सब अचछा था ,	సరే , మీ తో మాటలాడ డం చాలా కు లా సా గా సా గి ంది ,	0.5371
आ ठ वी ं कला स के बचचे के लिए वि रो ध प कष की रि सर च ?	ఎ నిమి దో తర గ తి కు ర రా డి పె పర తయ రథ ి పరి శ ో ధ నా ?	0.6649
याद रख ना , मह त व पू रण श बद " क माल का स फर " हैं .	" చాలా దూ రం " అనన పద ం నీకు సూ చ న అని మర చి పోయా వు .	0.6638
- मैं आ जा ऊँगा . - ठीक है , तुमहारा इंतजार रहे गा .	- నేను వ సతాను . - సరే , నేను ఎదు రు చూ సతూ ఉంటా .	0.6332
ठीक है , पता है ? मैंने तुमहारे तीन सवा लों के जवाब दे दि ए .	సరే , ఇక ఆ పు దా మా ? నేను నీ మూ డు పర శ న లకు సమా ధా నం ఇ చచా .	0.6573
ठीक है . हम बढ रहे हैं .	సరే . మనం ఇక వెళళ ాలి .	0.5684
- मैं बस इतना ही कह रहा हूँ . - अस ली बद ला व ?	- నేను అనే ది అదే . - నిజ మెన మార పు తీసుకు రా వ డ మా ?	0.5922
बेहद आ सान .	చాలా సు ల భ ం .	0.4372
जो दिल च स पी रख ते हैं , आगे झ ु क ें	ఆ స కతి ఉనన వారు నేను చెపపే ది విన ండి	0.5867
ठीक है फिर .	సరే అయితే .	0.3529
नहीं . उसे नजर अं दा ज करो . माफ करना .	వదదు . ఆ లె ను తీ సే య . కషమి ంచాలి .	0.6435
उसे वह फोन मिला जो मैंने भे जा था ?	నేను ఇ చచి న ఫోన దానికి అ ంది ందా ?	0.5358
- दरअसल , मैं आ सान कर रहा हूँ , तो . . . - यह दो साल पहले का वी डियो है .	- నిజ ానికి , నేను ఏమ ంటా ను అంటే . . . - ఇది రెండ ే ళల కరి తం వీ డి యో .	0.6986
रे न को याद दि ला ना कि उस बचचे का वी डियो तब तक	రెన కి ఆ కు ర రా డు ఇ ళలు లేని వారి ఆ శ ర యా నికి	0.5833
तुम दोबारा लि ख सकते हो	నువవు నీ జీవి త గా థ ను	0.5360
कया हो गया ?	ఏం కావాలి ?	0.3558
ठीक है . अब लग रहा है वह मुझे आँ क रहा है .	సరే . ఇపపుడు ఈ యన ననను హ ీ న ంగా చూ సతునన టటు ఉంది .	0.5823
- वे वा कई चाहते हैं . - वा कई ? मेरा नाम नो रा है .	- అలాగే అనుకుంటా రు . - అవునా ? నా పేరు నో రా .	0.5972
यह बकवास भी नहीं है .	ఇదే మి చెతత క చే రి కాదు .	0.4649
जान ना चाहते हो असल में मान व जा ति कया है ? नीचे लि खे क में ट पढ ो .	మను ష ు లు ఎలా ంటి వా రో తెలుసు కో వాలని ఉందా ? అయితే వారి కా మె ంట లు చ దు వు .	0.6302
जब हम ल ंद न श हर की स ड कों पर घ ू म ते फिर रहे हैं	ల ండ న న గర వీ ధ ు లలో మనం న డు చు కు ంట ూ వ సతు ండ గా	0.6665
खुश करने वाली सबसे छो टी सी चीज सब को दु ख ी कर रही है	మంచి గా జ నా నని ఆ ద రి ంచ ాల సిన వారు ఇ తరు లను త కకువ చేసతుననా రు	0.5847
अरे , कै री .	హేయ , క యా రీ .	0.5149
नहीं . रुको .	లేదు . ఆగు .	0.5385
उसे उसका छो टा सा ग ै वल ब जाते देखो .	తన సు తతి ని ఎలా కొ డు తు ందో చూడు .	0.6057
यह बहुत ड रा वना है . मैं बहुत दु ख ी हूँ . कया हो गया ? मैं जा सकता हूँ ?	చాలా ఇ బబంది గా ఉంది . నాకు బాధ గా ఉంది . ఇక చాలా ? నేను వెళళ ొ చచా ?	0.6077
इसकी आवा ज ऐसी ही है ?	ఇ త ని స వ రం ఇలా ఉ ంటు ందా ?	0.4855
क लि ंट , चलो भी . वह पो सट कर रही है .	కలి ంట , ప దా . తను పో సట చే సతోంది .	0.6191
वापस ? कया तुम वापस जा भी सकते हो ?	వెన క కా ? నువవు వెన కకి వెళల గల వా ?	0.5626
और जब सब बिना दि क कत के हो जाता है	అను కునన ది అంతా స కర మ ంగా జరిగి తే	0.5771
मान व जा ति को बचा ना है	మనం మా న వాళ ి ని కా పా డ ాలి	0.4372
कया तुम बना ना चाहते हो एक ल हर , ल हर , ल हर ?	మీకు మార పు తీసుకు రా వాలని ఉందా ? మార పు , మార పు ?	0.5288
कया तुम बना ना चाहते हो एक ल हर , ल हर , ल हर ?	మీకు మార పు తీసుకు రా వాలని ఉందా ? మార పు , మార పు ?	0.5288
कया तुम बना ना चाहते हो एक ल हर , ल हर , ल हर ?	మీకు మార పు తీసుకు రా వాలని ఉందా ? మార పు , మార పు ?	0.5288
कया तुम बना ना चाहते हो एक ल हर , ल हर , ल हर ?	మీకు మార పు తీసుకు రా వాలని ఉందా ? మార పు , మార పు ?	0.5288
मान व जा ति को बचा ना है	మనం మా న వాళ ి ని కా పా డ ాలి	0.4372
मुझे माफ कर दो . मैं अब पड ो सि यों के बच चों पर नहीं चि ल ला ऊँ गी .	ననను కషమి ంచండి . నేను ఇక ఎపపుడూ మా వీ ధి పిలల ల మీద నో రు పా రే సుకో ను .	0.6502
रो बर टो . सी . फि श मै न . पर ै ट . रो बर टो सी . फि श मै न पर ै ट .	రో బర టో . సి . ఫి ష మయా న . పరా ట . రో బర టో . సి . ఫి ష మయా న పరా ట .	0.6638
बढिया . अपना को ट ले लो . चलो चल कर अपना भ वि ष य बना एँ .	అదభు తం . నీ కో టు తీసుకో . వెళలి గొపప కం పె నీ ని నిర మి దదాం .	0.5994
. . . टि कट ॉ क पर पो सट करके तु र ंत डि ली ट कर दिया था .	. . . ఈ వీ డి యో ని టి క టా క లో పో సట చేసి వెంట నే తీ సే సా డు .	0.6152
रुको , तुम मान व सं सा धन , या नी ए च आर में हो ना ?	ఆ గ ండి , మీరు హె చ . ఆర లో పని చేసతా రు కదా ?	0.6377
तुम मेरी शान दार लॉ बी से कयों जा रहे हो ?	నువవు నా గరా ండ లా బీ దా టి ఎందుకు వెళ తుననావు ?	0.5762
उनहोंने सी ने टर ों , राज य पा लों , यहाँ तक कि रा ष टर पति यों की भी नि र वा चि त होने में मदद की है .	ఆయన సె నే టర లు , గ వర న రలు మరియు చి వ రికి పర ె సి డె ంట లు ఎ నని కలు గె లవ డ ంతో సహా యం చేసా డు .	0.6897
- क लि ंट के बारे में बात कर रहे हो ? - हाँ .	- మీరు కలి ంట గురించి మాటలాడు తుననా రా ? - అవును .	0.5847
- कि यह कुछ जयादा हो रहा है ? - ओ वे न मा मा .	- మ రీ మి తి మీరు తుననా య ని చెప తా వా ? - అ ం కు ల ఒ వెన .	0.6311
मैं जानता हूँ हम पा सकते हैं कुछ बहुत अ द भ ु त	మనం గొపప కార య ాలు చేయ గల ం అని నాకు తెలుసు	0.5676
मौ ह ल ले में अचछा ई फै ला रहे हैं	మను ష ు ల మధయ మంచి త నా నని నా టు తుననాం	0.5737
उसके सबसे जयादा नंबर आ ते हैं .	వాడి కి అనని టి లో ఏ గరే డ లు వ సతా యి .	0.5488
पिछ ला भ ूत थोडा प सी ने से तर ब तर था और मैंने उसकी चे न छु ई थी .	ఇంత కు ముందు వచచి న భ ూ తం గ లీ జు గా ఉంది , నేను వాడి చె ను పటటు కుననాను .	0.6383
- तुमहारी समस या कया है ? - मेरी ?	- అసలు నీ సమసయ ఏంటి రా ? - నా సమ స యా ?	0.5821
तुमहें जरूर सिर में चो ट आई होगी .	క చచితంగా తల తి రుగు తూ ఉంటుంది .	0.5437
मुझे लगता था कि मुझे मा लू म था कि किस बात से लोगों पर अ सर पडता है	మను ష ు లు ఎలా ంటి వా రో నాకు బాగా తెలుసు అని నేను అను కునే వాడిని	0.5840
मौ ह ल ले में अचछा ई फै ला रहे हैं	మను ష ు ల మధయ మంచి త నా నని నా టు తుననాం	0.5737
उस अ परा ध बो ध को रो क द ूँ जि से मुझे नजर अं दा ज करना पडे गा	అ పరా ధ భా వా నని ఆ పు కో గలను ప టటి ంచుకో కుండా ఉ ండి పో గలను	0.6394
कया तुम दो दिन पहले की डी ए स 2 6 1 चा लू कर सकती हो ?	నువవు రెండు రోజు ల కరి తం తీ సిన డి ఎ స - 2 6 1 ని ప లే చేసతా వా ?	0.6539
- चलो भी . यहीं से अस ली बद ला व की शु रु आत होती है . - नहीं .	- కా నివ వు . నిజ మెన మార పు ఇలా గే మొద ల వు తుంది . - లేదు .	0.6576
और वे कह ती रह ती हैं " जो खि म उठा ओ और सब मिल जाएगा "	వాళళు " ము ంద డుగు వె య , నువవే ని ల దొ కకు కుంటా వు " అ ంటు ంటా రు	0.5886
" कैसा रहे गा आज मैं किसी से गु ड आ फ टर न ून नहीं कहूँ गा ? "	" ఇ వాళ ఎవరి తో న ూ ఇక ఉంటా అన కూడదు " అని అనుకో వాల ే మో .	0.6691
कया हम सब कुछ दा ँ व पर लगा कर कोई रा सता निकाल सकते हैं ?	అంతా రి స క లో పె టటి ఏదెనా ఒక మార గా నని కను గొ న గల మా ?	0.6140
सब कुछ जयादा च म क ता है	ఎ టు చూ సి నా తే జో మ య మే	0.5445
तो मुझे बस स थि ति समझ ने की जरूरत है , अगर तुमहें कोई ऐ त राज ना हो ?	కాబటటి నేను ముందు ఇకకడ పరిసథి తి ని అరథం చేసుకో వాలి , సరేనా ?	0.5778
लेकिन तुमहें तु र ंत फै सला लेना होगा , तुम तैयार हो या नहीं ?	కానీ నువవు నాతో వ సతా వా రా వా అనన విష యా ననీ ఇకకడ ే నిరణ యి ంచుకో వాలి .	0.5560
यहाँ आओ , तुम बद मा श !	ఇలా రా , పిచచి స ననా సి !	0.5070
अरे , यह तो व रत मान के करि समस का भ ूत है .	ఆ బ బె , ఘ ో సట ఆ ఫ కరి సమ స పర జె ంట వచచా డు అనన మాట .	0.6662
खैर , कया यह म ुम किन है	అసలు నాకు సా ధయ మే నా ?	0.5005
अगर मैं कभी भी बन पा ऊँगा वह जो अपनी गल ति यों का परा य श चि त करता है	లేక తాను చేసిన పా పాల కు పరా య శ చి తత ం చేసు కొ నే వాడి గా మార తా నా	0.5861
मेरे खया ल से आकर ष ण है	మన మధయ ఏదో మా య ఉంది	0.5347
- वह 1 2 बल ॉ क दूर है . हम चल कर जाएँगे . - रुको . कया हो रहा है ?	- వాళళ ఇ లలు 1 2 వీ ధ ు ల అవ తల ఉంది . మనం న డ వాలి . - ఆగు . ఏం జరుగు తోంది ?	0.7245
खैर , अंदर आओ . वह बच चों के साथ पीछे है .	సరే , లో నికి ప దా . ఆయన వె నుక పిలల లతో ఉననాడు .	0.6308
बा य ी ं तरफ मत देख िए .	మీ ఎడ మ వెపు కు చూడ క ండి .	0.5691
सारे रिश ते जो मैंने खतम कर दि ए घ ा व जो मैंने नहीं भ रे	నేను కా ద ను కునన ఆ బం ధ ాలు కష మా ప ణ అడ గ ని ఆ పర జ ల ంద రూ	0.6538
हे भगवान . कया तुम ना सु ध र पा ने वाली बकवास बंद करो गे ?	ఓ రి , దేవుడా . నువవు ఇక నీ రు వి మో చ న సో ది ఆ పు తా వా ?	0.6617
तो बताओ अपने अस ली ग रा ह कों को वे आ ख िर किस चीज के लिए लड रहे हैं	కాబటటి మీ నిజ మెన క సట మర లకు వారు దే ని కోసం పో రా డ ాలో చెపప ండి	0.6185
- कयोंकि ज ॉ श हा बि ंस चु ना व लड रहा है , तो . . . - ज ॉ श हा बि ंस ?	- ఎందుకంటే జా ష హ బ బి నస పో టీ చేసతుననా డు , కాబటటి . . . - జా ష హ బ బి నస .	0.6545
. . . तुम जिस सक ूल में जाती हो .	. . . పెదద హ ీ రో అనిపి సతుంది .	0.6223
मुझे स मु द री क छु ए बहुत पसंद हैं .	నాకు స ము దర తా బ ే ళలు భలే ఇషటం .	0.5924
तुमहारे अ ला वा इ कल ौ ता ना सु ध र पा ने वाला जो इस पर ो ग राम से गु जरा .	ఈ పర ో గరా మ లో మన సు మా రి న మర ొక వి మో చ న శ క యం కా ని వాడిని నేనే .	0.6514
- नहीं . अरे . - नहीं , बिलकुल नहीं .	- లేదు . హేయ . - లేదు , అలా కాదు .	0.5167
मैं यहाँ तुमहारी मदद करने आया हूँ . तो बस करो और धयान दो .	నేను నీకు సహా యం చేయ డానికి వచచా . దయచేసి ఇ దంతా ఆ పు చెపపే ది వి ను .	0.5598
जब तुम दोबारा जि ंदा हो सकते हो .	పని చేసు కునే లా చే సతునన పర శ న .	0.5491
मुझे नहीं पता तुमहें कया दिखा ई दे गा , लेकिन बस उसकी बात सुन लेना . ठीक है ?	నాకు నువవు ఏం చూడ బో తుననా వో తెలీదు , కానీ వాడు చెపపే ది వి ను . సరేనా ?	0.6223
वे सभी टि म टि मा ती रो श निया ँ और सा री खुश ियाँ	మె రు సతునన ఆ కా ం తు ల అంద ం అ పపటి ఆ ఆన ంద ం	0.6039
- तुमहें लगता है मैं वै सा हूँ ? - हाँ , मुझे लगता है . और यहाँ हमारा काम खतम हो गया है .	- నా గురించి నువవు అలా అనుకుంటుననా వా ? - అవును , అలాగే . ఇక నీ తో నేను వా ది ంచ ను .	0.6215
पलीज यह मत करो . चलो भी , यार . मैं . . .	దయచేసి ఇలా చేయ కు . పలీజ , మి తర మా . నేను . . .	0.6488
ती स करो ड से जयादा परिवार ों ने अपने करि समस ट री ह टा ए .	దా దా పు 3 0 కో టల మంది తమ కరి సమ స చె ట లను తీ సే సా రు .	0.6480
तुमहारी जिंदगी की कहानी हि सा ब - कि ता ब और डर की दा सता न	నీ జీవి త గా థ భ యం మరియు భ ీ తి కి సంబం ధి ంచిన ఒక క థ	0.5547
कया तुम उसके बा ल स ूँ घ कर मुझे उसका वि वर ण दे सकते हो ?	వాడి జు టటు వా స న చూ సి ఎలా ఉ ందో నాకు వి వరి సతా వా ?	0.6276
बात यह है कि कि म बर ली एक बहुत अचछी इंसान है , ठीक है ?	విషయం ఏంట ంటే , కి మ బె ర లి చాలా మంచి వయకతి , సరేనా ?	0.6097
हम म रे हुए जरूर हैं लेकिन हम ब डे दिन का सप ना जी रहे हैं	మేము మ రణ ి ంచి ఉండ వచచు కానీ మేము ఒక గొపప జీవి తా నని బర తు కు తుననాం	0.5957
हम म रे हुए जरूर हैं लेकिन हम ब डे दिन का सप ना जी रहे हैं	మేము మ రణ ి ంచి ఉండ వచచు కానీ మేము ఒక గొపప జీవి తా నని బర తు కు తుననాం	0.5957
और वहाँ बै कया र ड में मैं हूँ	ఆ తరవాత , నా ఇంటి పేరు పెటట బడి న	0.5277
वे सच में उसकी बात ों में आ ते जा रहे हैं .	వాళళు అతను చెపపి ంది అంతా వి ంటుననా రు .	0.5243
मैं बस जाकर तुमहारी स वर गवा सी बहन की इ कल ौ ती बेटी से कह द ूँगी कि तुम बहुत वय सत हो .	చని పోయి న మీ అ కక కి ఉనన ఒక ే ఒకక కూ తు రికి మీరు బాగా బి జీ గా ఉననా రని చెప తాను .	0.6188
यकीन मान ो , वह कुछ छु पा रहा है . सब छु पा ते हैं .	ననను నమ ము , వాడి లో కూడా లో పం ఉంది . అంద రి లో ఉంటుంది .	0.6242
- . . . यह कह ने के लिए कि मुझे . . . - हाँ .	- . . . ఏం చెపప ాలని అంటే . . . - అవును .	0.7710
यह सू ट क माल का है .	ఈ సూ ట అదభు తంగా ఉంది .	0.5689
हैलो . ग जब .	హాయ . వా వ .	0.5179
हैलो , ची फ .	హేయ , చ ీ ఫ .	0.4987
- हाँ . - वे तब नहीं होती थीं .	- అవును . - ఆ బ రా ండ అ పపటి కి లేదు .	0.5680
हे भगवान . वह बहुत से क सी है .	ఓ రి , దేవుడా . భలే సె క సీ గా ఉంది .	0.5899
मुझे तुमसे एक ए ह सान माँ ग ना है .	నేను నినను ఒక సహా యం అడ గ ాలి .	0.5635
और मैं बस कहना चाहता हूँ . . . मुझे माफ कर दो .	అలాగే నేను నినను . . . కష మా ప ణ లు అడ గ ాలి అనుకుంటుననా .	0.6237
तुमसे भी .	నాకు కూడా .	0.4284
कया तुम कहीं जाना चाहती हो या शायद , मुझे नहीं . . .	నీకు ఎ కకడి కె నా వెళల ాలని ఉందా , అంటే , నాకు . . .	0.6142
अरे , मुझे लगता है मुझे म ध य म से ग ं भी र करो ह न रो ग है .	హేయ , నాకు దారు ణ మెన క రో నస వయా ధి సో కి న టటు ఉంది .	0.6706
मैंने वही किया जो उस ी प ल करना चाहिए था जब तुमने मुझसे एक बचचे के बारे में जानकारी निकाल ने को कहा था .	ఆ కు ర రా డి మీద బు ర ద చ లల డానికి ఏమెనా వె త క మని నువవు చెపపి న వెంట నే ఏం చేయ ాల సి ఉ ందో అదే చేశా ను .	0.6459
अरे ! नहीं !	హె య . ఆగు !	0.4564
अरे , नहीं .	ఓహ , లేదు .	0.4319
देखो , हमें थोडा साम ना करने की जरूरत है वर ना तुमहारा सं देश पहुँ चे गा नहीं	చూడ ండి , ఇది అ ంగ ీ కరి ంచడం కష ట ంగా నే ఉండ ొ చచు కానీ ఇలా చేయ కపోతే అను కునన ది జరగ కపో వచచు	0.5981
- और उससे हमारे कला इं ट का च यन होगा . - तुमने उस और त की जिंदगी बर बाद कर दी .	- కారణ ంగా ఇపపుడు మన కల యి ంట ఎ నను కో బ డు తారు . - నువవు ఒక మ హి ళ జీవి తా నని నా శ నం చేసా వు .	0.6657
खैर , हर साल मैं कह ता था , " आगे बढ ने का समय आ गया है . "	అంటే , పర తీ ఏ డా ది , " ఈ సారి వెళళి పో వాలి " అని చెపపు కునే వాడిని .	0.6193
सुनो , कया तुम यहाँ से निकल ने में मेरी मदद कर सकती हो ?	ఇలా చూడు , కొంచెం నాకు ఇ కకడి నుండి బయటకు వెళ లే దా రి చూపి ంచు .	0.5826
नहीं , मैंने नहीं किया . मुझे माफ कर दी जिए . कया आप ना राज हैं ?	లేదు , నేను పో సట చేయ లేదు . కషమి ంచండి . మీకు కో ప ంగా ఉందా ?	0.6270
तुमने अब तक उसकी भर पा ई से जयादा काम किया है .	అ పపటి ప ను లకు నువవు ఎపపుడ ో పరా య శ చి తత ం చేసు కుననా వు .	0.5918
तुम पहले ही जी त गई हो . तुम जी त चु की हो .	నువవు గె లి చేసా వు . నువవు గె లి చేసా వు .	0.5511
कुछ बना ओ . कुछ मन ग ढ ंत बना ओ . र दद करो .	ఏదో క టి చెపపు . ఏదో క టి చెపపు . వెళళి పో దాం .	0.5400
- द ख ल देने की अन ुम ति है जिन हें तुम . . . - मैं वह पर भा व दिख ने की कोशिश कर रहा हूँ	- జో క యం చేసుకో వడానికి అను మ తి ఉందా . . . - నేను నీ నిరణ య ాల కారణ ంగా జ నం మీద	0.6963
अरे . मैं जानता हूँ वह आ सान नहीं था .	హేయ , ఇది సు ల భ మెన పని కా దని నాకు తెలుసు .	0.5547
एक आत मा जो मुझ में अचछा ई देख सकती थी	ఒక వయకతి నె నా నేను ఎ పపటి కె నా కను గొ న గల నా ?	0.5307
रुको . तुम मुझे कया बता रहे हो ? वह बच चा ?	ఆగు . నువవు చెపపే ది ఏంటి ? ఆ కు ర రా డా ?	0.6271
देखा ? कया यह लगता है जैसे वह अपनी सबसे अचछी जिंदगी जी रही है ?	చూ సా వా ? ఇది చూ సతు ంటే గొపప జీవితం బర తు కు తునన వయకతి లా ఆమె కనిపి సతు ందా ?	0.5899
- भ ूत ों ने सब कुछ एक ही रात में कर दिया . - आप ठीक हैं ?	- ఆ భ ూ త ాలు అద ంతా ఒకక రాతరి లోనే చేసా యి . - మీరు బాగానే ఉననా రా ?	0.6153
हमारे प वि तर त यो हार से जयादा अपनी सु वि धा की पर वाह है !	అంద రి సంతోష ం కంటే వాడి సవా ర ధా నికి ఎకకువ పరా ముఖ యత ఇ చ చే వాడు .	0.6004
हैलो . मैं अभी वह देख रहा हूँ .	హేయ . నేను దాని నే చూ సతుననా .	0.5609
- शुकरिया . ठीक है . - खैर , नहीं .	- థాంక స . సరే . - సరే , పర లేదు .	0.6641
हे भगवान , तुमने कर दिखा या .	ఓ రి , దేవుడా , నువవు సా ధి ంచా వు .	0.5456
वह अचछा था . वह अचछी है . उसे बस यह नहीं पता कि मैं कौन हूँ .	అవును . ఆమె మంచి వయకతి . కానీ నేను ఏమి టో ఆమె కు తెలీదు .	0.5874
मुझे टा इ नी पसंद है . न न हा टि म ?	నాకు టె ని ఇషటం . టీ నస ీ టి మ ?	0.5764
तुम उनके सारे आ वर ण उ तार दो और अंदर का स वार थी ढूँढ लो	పర తీ ఒకక రూ తమ అంత రం గ ంలో సవా రథ ంతో ని ండి న వా రే అను కునే వాడిని	0.5926
यह कह ने के लिए कि तुम नौ करी छोड रही हो और तुमहें पर या पत मु आ व जा चाहिए .	నీ ఉద యో గా నని మా నే సతుననా నని చెపప డానికి , అలాగే బో లె డ ంత డబబు కూడా కా వాలని చెపపు .	0.5838
कया तुमने इस वाली में खुद को फो टो श ॉ प से डा ला है ?	ఈ ఫో టో లోకి నినను నువవు ఫో టో షా ప చూ సు కుననా వా ?	0.6291
पता है , इससे पहले कि तुम इसके लिए तैयार थे .	కానీ , దానిని ఎదు ర కో వడానికి నువవు సిదధ ంగా ఉననావు .	0.5467
तो , हमें उस ग ं दे , सम मे ल न वाले बॉ स बं दे पर ही काम करना पडे गा ?	అంటే , ఇపపుడు మనం ఆ క న వెన షన హ ాల లో ఉనన చెతత బా స ని మాతరమే పీ డి ంచ ాలా ?	0.6827
उस पर केवल इसलिए ठ प पा लगा है कयोंकि वह " इस विश वास के परति क टि बद ध है	" జ నం ఎ పపటి కీ మార రు అనే బ ల మెన అ భి పరా యం " కలి గి ఉనన ందుకు మాతరమే	0.6648
माफ करना , वह हमारा नि शा ना नहीं है .	ననను కషమి ంచాలి , కానీ వీ డు మన వాడు కాదు .	0.5146
- हैलो , नो रा . - हैलो .	- హాయ , నో రా . - హాయ .	0.5303
- तुमहें देख कर अचछा लगा , व ें डी . - हाँ , जरूर लगा होगा .	- మిమమలని కల వడం సంతోష ం , వె ండ ీ . - నేను కూడా అదే అనుకుంటుననా .	0.6307
यहाँ एक भ गो डा है !	అతను పా రి పో తుననా డు !	0.4934
यहाँ एक भ गो डा है !	అతను పా రి పో తుననా డు !	0.4934
- हाँ . - जी निय स थी .	- అవును . - భలే ఐ డి యా .	0.5906
- हैलो , ओ वे न . - हैलो .	- హేయ , ఒ వెన . - హేయ .	0.6037
बिलकुल ठ ंड नहीं है .	అస స లు చ లల గా లేదు .	0.5069
देखो , मैं जानता हूँ मैं यह बहुत कम कह ता हूँ और तुमहें वापस कह ने की जरूरत नहीं है . . .	చూడు , నేను ఈ మాట పెదద గా అనన ని నాకు తెలుసు , నువవు దానిని నాకు తిరిగి చెపప ాల సిన పని లేదు కూడా . . .	0.5934
इस मु ज रि म की फा इ ल मुझे पागल कर रही है .	ఈ వయకతి ఫె ల నాకు పిచచి ఎ కకి సతుంది .	0.5668
किस के साथ . " किस से " ?	ఎవరో . " ఎవరి తో నో " ?	0.4980
ठीक है . " किस से . "	అవును . " ఎవరి తో నో . "	0.5894
देखो , असल में तुम बे च रहे हो वह तरी का जो असल में होना चाहिए	చూడ ండి , మీరు అమమ ాల సింది ఉ త ప తతి ని కాదు , మీ రే స రెన ఉ త ప తతి అనన భా వ నను	0.5971
अब , अगर हमने इस बं दे को चु ना तो एक से भ ले दो , दो से भ ले चार	మనం ఇపపుడు వీ డిని ఎ ంచు కు ంటే ఒక రు ఇదద ర వు తారు , ఇదద రు నలు గు రు అవు తారు	0.5903
बहुत बुरा कमी ना है . तुमहें बहुत पसंद आए गा .	పొ టటి గా ఉండే మ హా పా పి . వాడు నీకు బాగా న చచు తా డు .	0.5529
- म ॉ ड , तुम ए च आर को मै से ज भेज रही हो ? - नहीं .	- మా డ , నువవు హె చ . ఆర కి మె సే జ పె డు తుననా వా ? - లేదు	0.6898
दोसत ों , उसने हाँ कर दी . चलो काम शुरू करें .	మి తరు లా రా , ఆయన ఒ పపు కుననా డు . ఇక పని పరా రం భి దదాం .	0.6075
वह . . . तुमने कहा , " अ ती त , व रत मान , भ वि ष य . "	అది . . . నువవు , " గ త , వర త మా నం , భ విష యత తు " అననా వు .	0.7633
लेकिन हम तीन पर बात पक की करते हैं . ठीक है . पह ला सवाल , कया तुम कभी जि ंदा थे ?	కానీ మనం మూ డు దగగర ఆగు దాం . సరే . మొదటి పర శ న , నువవు మనిషి లా బర తి కా వా ?	0.6734
हाँ , वह सी धे वा य टी सी 4 0 7 में चला गया था . पकका मुझे ढूँढ रहा होगा . माफ करना .	అవును , వె టి సి - 4 0 7 లోకి దూ కే సా డు . నా కో స మే వె తు కు తు ండ వచచు . కషమి ంచాలి .	0.6825
मतलब , अगर मैंने ना च ना शुरू किया , तो मैं सब को पीछे छोड द ूँगा . मेरे सामने सब बु रे दिखा ई देंगे .	అంటే , నేను గ నుక డా నస వే య డం పరా రం భి సతే , అంద రి కంటే బాగా వే సే సతాను . నాతో పో ల చి తే అంద రి పర దర శ న ప ాలి పో తుంది .	0.6552
उसकी बेटी , रे न को अब क लि ंट का छो टा भाई , ओ वे न पा ल रहा है .	ఆమె కూ తు రు , రెన ని కలి ంట తమ ము డు ఒ వెన పె ంచు తుననా డు .	0.6737
वापस ध र ती पर पहुँच जाओ गे .	తిరిగి భ ూ మి పె కి వెళళి పో తా వు .	0.4247
जहाँ मह ँ गी कला और डि गर ि यों से भ री दी वार ें हैं होती	గో డ ల పె లకష ల వి లు వెన క ళ ా క ండ ాలు తమ డి గర ీ లతో ని ం ప బడి న గ దు లు	0.6161
हमें बस . . . हमें जाना होगा . देख ने को बहुत कुछ है .	మేము ఇక . . . మేము ఇక వెళళ ాలి . మీరు చూడ ాల సింది చాలా ఉంది .	0.6455
तुम मुझसे भाग नहीं सकते जब मैं तुमहें सता रहा हूँ . हैलो ?	నేను నినను పీ డి సతు ండ గా నువవు అలా పా రి పో కూడదు . హలో ?	0.6027
तुम एक दम क माल के हो . पता है ?	నువవు భలే వాడి వి . తెలుసా ?	0.4987
- नहीं . - उसने पो सट नहीं किया !	- లేదు . - ఇది పో సట చేయ లేదు !	0.5529
मेरा कभी कोई भाई नहीं था .	నాకు సోద రు డు అ ంట ూ ఎవరూ లే రు .	0.5226
हाँ . फिर तो जरूर . अगर ग ंदा महसूस कर रहे हो तो तुमहें न हा ना चाहिए .	సరే . వెళళ ండి . మీకు ము రికి గా అనిపి సతే తపప కు ండ స నా నం చేయాలి .	0.6334
लेकिन मैंने चि क न के सारे ट ु क डे निकाल दि ए , तो यह बढिया होना चाहिए .	కానీ ఇ ందు లో నుండి చి కె న అంతా తీ సే సా , కాబటటి నువవు తి న ొ చచు .	0.6252
- जरूर . - वैसे यह मेरा काम नहीं है ,	- సరే . - ఇది నేను స హ జ ంగా చేసే పని కాదు ,	0.6279
ओह , क लि ं टी , तुमहें वह बहुत पसंद आए गा .	ఓహ , కలి ంటి , దానిని చూ సే వర కు ఆగు .	0.6176
तो हम उसे ढूँढ कयों नहीं रहे हैं ?	అయితే ఆ కు కక కోసం ఎందుకు వె త క డం లేదు ?	0.4858
अरे , ग जब . तुमहारे जू ते बहुत अचछे लगे .	ఓ రి , దేవుడా , నీ బ ూ టలు భలే ఉననాయి .	0.6175
- भा ड में जाओ , व ें डी . - ठीक है , तुम भी .	- మూ సుకో , వె ండ ీ . - సరే , నువవు కూడా .	0.6604
ये बस आने वाली चीज ों की पर छा इ या ँ हैं .	నువవు జరగ బో యే వాటి ని చూ పు తుననావు .	0.5866
हम में वह करि समस की सु बह वाली भा वना भ री हुई है	మ ాలో ఆ కరి సమ స రోజు సంతోష ం ని ండి పోయి ఉననా ం	0.5825
हाँ . तुमहारे लिए करि समस पर कोई मस ती नहीं .	అవును . నీకు ఆ అంద గా డి దగగర కు వెళ లే భా గ యం లేదు .	0.5807
- ठीक है . - तुमहें भ ू ख लगी है ? तुमहें जू स चाहिए ?	- సరే . - నీకు ఆ కలి గా ఉందా ? జ ూ స బా కస కా వ ాలా ?	0.6883
हाँ , तुमहें मिल गया . चलो चल कर देख ें . चलो .	సూ పర , నువవు సా ధి ంచా వు . ఏంట ో చూ దదాం ప దా . న డు వు .	0.5989
और हमारे च यन ही हमें हम बना ते हैं , है ना ?	మనం తీసుకు నే నిరణ య ాల ే మనం ఏంట ని చూ పు తా యి , కదా ?	0.5830
मैं वा कई नहीं हूँ . तुम जानती हो , मैं बेहद वय सत रह ता हूँ	నేను అలా ంట ో డిని కాదు . అంటే , నేను చాలా బి జీ గా ఉంటా	0.5483
- माफ करना . वह बहुत जयादा हो गया . - तुम ना ट क कर रहे हो . बहुत अचछे .	- కషమి ంచాలి . ఇది మ రీ దారు ణం . - నువవు న టి సతుననా వు . గొపప పని .	0.6774
कयोंकि यह एक म यू जि कल है .	ఇది ఒక మ యూ జి కల కదా , అ ందుకు .	0.5707
सही कहा .	అది నిజం .	0.3957
और दो पह र खतम होते - होते मेरे घर पर एक नया , च म की ला पे ड पहुँच गया .	మ ధ యా హ నా నికి నా ఇంటికి ఒక కొతత కరి సమ స చె టటు వచచి పడు తుంది .	0.6398
उसने कहा रि टा यर .	అతను రి టె ర అననా డు .	0.5303
ग जब , हमारा काम काफी एक जैसा है , है ना ? लोगों के बारे में जानकारी ढूँढ ना .	అబబా , మన ఉద యో గ ాలు ఒక ే లాంటి వి , కదా ? ఇ తరు ల ల ొ సు గు లను వె లి కి తీ య డం .	0.6483
एक सी मा है जि से ला ँ घ नहीं सकते और शायद वह यही है	దే ని కె నా ఒక హ దదు ఉంటుంది నా కె తే ఇదే ఆ హ దదు అనిపి సతుంది	0.5848
- बडी जलदी हो गया . - बो लो . इसे बताओ तुम कया महसूस करती हो .	- చాలా తవర గా వచ చేసా వు . - కా నివ వు . నువవు ఏ మని అనుకుంటుననా వో చెపపు .	0.5895
एक बार ज ॉ श अपने सा ला ना अचछे काम की डी ंग ें मार ना खतम कर ले , रे नी ,	ఒక సారి జా ష తన మంచి ప ను ల గురించి డబ బా కొ టటు కో వడం పూరతి చేసిన తరవాత , రె ననీ ,	0.6433
माफ करना ?	ఏమ ననా రు ?	0.4558
कया तुम लोग . . .	మీకు కూడా ఇది . . .	0.6083
मैं . . .	నేను . . .	0.6413
- समझ गया . - बढिया . ठीक है फिर . चि यर स .	- అలాగే . - మంచిది . ఇక ఉంటా . సె ల వు .	0.6674
- मैं . . . - ठीक है .	- నేను . . . - సరే .	0.7184
रुको . एक अ वा सत वि क पि ल ले के बारे में झूठ ?	ఆగు . లేని ఒక కు కక పిలల గురించి అబ దధ ం చెపప డ మా ?	0.6426
मैंने घ ो टा ले की तरफ इ शा रा किया जि से जन ता और मी ड िया ने सन स नी खे ज बना दिया .	అ ప కీ ర తి ప ాలు చే దదాం అననా , కానీ అది పటటు కొ ని ప బ లి క ఇంకా మీ డి యా స ొ ంత క థ లు రా సే శా రు .	0.6438
मैं . . .	నేను . . .	0.6413
हैलो . मैं ए च आर से मार गो बोल रही हूँ .	హాయ . నేను హె చ . ఆర నుండి మా రగ ో ని .	0.6249
एक बार ज ॉ श अपने सा ला ना अचछे काम की डी ंग ें मार ना खतम कर ले , रे नी ,	ఒక సారి జా ష తన మంచి ప ను ల గురించి డబ బా కొ టటు కో వడం పూరతి చేసిన తరవాత , రె ననీ ,	0.6433
माफ करना ?	ఏమ ననా రు ?	0.4558
नहीं , यह चार ल स डि क ें स है . यह एक मजाक है .	కాదు , ఇది చా ర లె స డి కె నస పా ట . సర దా గా ఉ ంటు ందని .	0.6144
माफ करना ?	ఏమ ననా వు ?	0.4558
बु री खबर है , कै री .	చె డ డ వార త , క యా రీ .	0.5507
कि म बर ली ?	కి మ బె ర లి ?	0.4257
कया यह खतम हो गया ?	అంతా అయి పోయి ందా ?	0.3645
वह अब भी कभी - कभी बाहर आ जाता है .	అ పపుడ పపుడ ూ పా త స వ భా వం బయటకు వ సతుంది .	0.5623
तुमहें पयार करने का मौ का लग भ ग मिल गया था फिर तुम , पता है , मर गए	పరే మి ంచే అవకా శం నీకు ద కకి ంది ఇంత లో నువవు చని పోయా వు అని నీకు గుర తొ చచి ంది	0.5756
- खा ने के अपने वि शा ल ढ े र पर . - नहीं . क लि ंट , क लि ं टी . रुको .	- చేయ బడి న నీ పెదద టా యి లెట మీద కూ రచ ో . - లేదు . కలి ంట , కలి ంటి . ఆగు .	0.7167
और ध र ती पर वापस लौट कर अपने बाकी दिन एक इंसान की तरह बि ता ने का मौ का है .	మి గి లి న నా జీవితం మళళీ భ ూ మి పె మనిషి గా బర త క డానికి అవకా శా నని ఇ చచి ననను పం పి సతారు .	0.5671
ठीक है . तुम इसमें बहुत अचछे हो .	సరే . ఈ పని నువవు చాలా బాగా చేయ గల వు .	0.5850
सर , आप हैं घट िया चि ड चि डे बेवकूफ	సర , మీరు ఒక చే త కా ని ప నికి మ ాలి న వెధవ	0.5887
देखो , तुम क हो गे यह मेरा सप ना है	చూడు , ఇది నా కల అని నువవు అ ంటుననా వు	0.5217
मैं बस सवा लों की शु रु आत कर रहा . . .	నేను ఇ పపుడే కదా ఈ అన వే ష ణ లో . . .	0.6681
सब कुछ पीछे छोड कर यहाँ आ जाओ गे ?	ఇకకడికి వచ చేయ ాలని నిరణ యి ంచు కుననా వా ?	0.5150
- और वह सा री खुश ियाँ जो हमने खो दी ं - हम वापस ला रहे हैं	- పో గొ టటు కునన సంతోష ా నని తీసు కొ సతుననా ం - మనం దానని తీసు కొ సతుననా ం	0.5758
तुम कुछ ऐसी चीजें क होगी और करो गी जिन पर तुमहें गर व नहीं होगा .	నీకు న చచ ని మాట లు మాటలా డి , న చచ ని ప ను లు చేయ ాల సి ఉంటుంది .	0.6180
मुझे पता नहीं तुम लोग इतना है रा न कयों हो रहे हो . मैंने ऐ मे ज ॉन पर एक ब टन द बा या	మీరు ఎందుకు ఇలా ఆ శ చ ర యం వయ క తం చేసతుననా రో అరథం కా వడం లేదు . నేను అ మె జా న లో ఒక బ టన న ొ కకి తే ,	0.6838
इसके बा व जू द कि ट री हा उस एक सप ष ट उल लं घ न है . . .	ఆ చె టటు మీద ఇ లలు క టట డం చాలా పెదద అ తి కర మ మే అయి నా . . .	0.7320
" आने - वाला " पूरा हो गया है .	ఎ ట - టు - క మ పని పూర త యి ంది .	0.5389
और तुमहारी भा ं जी आई है .	అలాగే మీ మే న కో డ లు వచచింది .	0.5286
रो बर टो सी . फि श मै न पर ै ट ?	రో బర టో . సి . ఫి ష మయా న పరా ట ?	0.6109
अरे . तुम यह देख रहे हो ?	హేయ . నువవు ఇది చూ సతుననా వా ?	0.5152
जब तुमहारा बा प उ धा र के पैसे चुका ने में वि फ ल हो जाएगा	మీ ఇంటికి లో న క టట లేక మీ నానన ఇ బబంది పడి న తరవాత	0.5730
मुझे मेरी जिंदगी का सबसे बुरा प ल दोबारा अनु भ व करवा कर	నా జీవితం లో అత య ంత దారు ణ మెన కష ణ ా నని చూ సే లా చేసి	0.6157
और करो बस वह जो कर सकते हो	మనకు వీ లెన ంత చే సతే చ ాలు	0.5037
- पे ट में गु द गु दी . - पे ट में गु द गु दी . उसे पयार हुआ था .	- మన సు లో అ ల జ డి . - మన సు లో అ ల జ డి . ఆమె పరే మ లో ఉంది .	0.6849
परि ण ा म ों के बारे में सोच ो .	పర య వ సా నా లను ఆలోచి ంచుకో .	0.5507
ताकि उनहें तुमहारे जैसे लोगों को देखना या उनके बारे में सोच ना ना पडे ,	మీ గురించి ఆలోచి ంచ కుండా ఉండ డం కోసం చాలా డబబు చె లలి ంచి వచచా రు ,	0.5816
लेकिन यह दुनिया कया है ? एक क बी ला तो अगर तुम अपनी बि करी बढ ा ना चाहते हो	కానీ పరపంచ ం గురించి తెలుసు కదా ? వె ర రి వాళళు మీ సే లస పె రగ ాల ంటే	0.6031
हम उस कमी ने हो ट ल मै ने जर पर काम करेंगे .	మనం ఆ చెతత హో టల మే నే జర తో నే సరి పెటటు కో వాలి .	0.6047
तुमहें बचा ने के लिए तीन भ ूत आ रहे हैं .	నినను కా పా డ టానికి ము గ గు రు ద యయ ాలు వ సతుననారు .	0.5516
हम यह कर रहे हैं . यह क माल का स फर होगा .	తపప దు అంతే . చాలా దూ రం పర యా ణి ంచ ాల సి ఉంటుంది .	0.5610
घट ना ओं की वह श ृ ं ख ला जिस ने मुझे इस रा कष स में बदल दिया .	దారు ణ మెన మనిషి ని కా వడానికి కారణ మెన పరిసథి తులు నాకు తెలి సా యి .	0.5741
खैर , मेरे पास तुमहारे लिए कुछ नहीं है , लड के . तो गु ड आ फ टर न ून .	సరే , నీకు ఇవ వడానికి నా దగగర ఏం లేదు , బా బు . ఇక ఉంటా ను .	0.6499
ठीक है ! वह वापस बि स तर में पहुँच गई . कया मुझे एक कॉ फी मिले गी ?	సరే ! ఆమె ను తిరిగి తన మ ంచ ం మీద వది లి వచచా . మీకు ఎవరి కె నా కా ఫీ కా వ ాలా ?	0.6200
कितनी गलत बात है .	ఇది మ హా దారు ణం .	0.4862
हाँ , जानती हूँ .	సరే , నాకు తెలుసు .	0.4784
मैंने यह कं प नी इसलिए नहीं बना ई	నేను ఈ కం పె నీ ని ఆ ఫీ సు నుండి ఇంటికి	0.5045
मतलब , मुझे याद है कया हुआ . . .	అంటే , ఏం జరిగి ందో నాకు తెలుసు . . .	0.5996
वह . . . यह . . .	అది . . . అది . . .	0.7473
तुमहें कया चाहिए ?	నీకు ఏం కావాలి ?	0.4104
तुम अभी भी जवाब नहीं जानते हो .	నీకు ఆ పర శ న కు సమా ధా నం ఇంకా తెలీదు .	0.5312
- हाँ . - मुझे ग ले मिल ना नहीं आता है .	- అవును . - నేను హ గ బాగా ఇవవ లేను .	0.6040
और हम जो हैं वह है बीच में कुछ	వాటి మధయ లో కొ టటు మి టట ా డే వారి మే మనం	0.5104
तुमने देखा कि रे नी को सट ै न फो र ड में स ना त को त तर पर ो ग राम में जगह मिल गई ?	రె ననీ సటా న ఫో ర డ లో మా సట రస పర ో గరా మ లో జా యి న అయి ందని తెలి సి ందా ?	0.6231
कया हम वा कई एक ल हर ला सकते हैं	మనం నిజంగా ఆ మార పు ను తీసుకు రా గల మా ?	0.5021
- लॉ बी में एक ड ब बा र खा है , ठीक है ? - हाँ , उसे दा न कर दो . अचछा हुआ हमने उसे स जा या था .	- కరి ంద లా బీ దగగర ఒక డబ బా ఉంది , అందు లో వె య , సరేనా ? - అవును , ఇ చ చేసే య . ప యా కి ంగ చేయి ంచి మంచి ద ె ంది .	0.6839
वह है तुमहारे म ूल यों का पर ती क तुमहारी नै ति क ता और तुमहारा सि द धा ंत है	మీ వి లు వ లకు మీ అమమ క ాలు అడ డం పడ తా యి మీ నీ టి ఇంకా మీ ఉద దే శ ాలు వా రికీ తెలు సతా యి	0.6029
खैर , तुमहें सता ने के काम की शु रु आत थोडी ग ड ब ड रही है .	అంటే , మీ గ తం కొనని అనుకో ని పరిసథి తు లను ఎదు ర కో వాల సి వచచింది .	0.6363
रो ज की भाग द ौ ड में दुनिया में थोडी अचछा ई फै ला सकते हो	నీ రోజు వా రీ జీవితం లోనే నువవు పరప ంచా నికి కొంచెం మంచి చేయ వచచు	0.5721
बेह तरी न अ परा ध बो ध करवा या है , कि म बर ली .	అ పరా ధ భా వం పు టటి ంచడం లో నువవే ఫ సట , కి మ బె ర లి .	0.6344
वह बहुत ड रा वना है . मुझे फिर से दिखा ओ .	భ యం కర ంగా ఉంటుంది . ఒక సారి నాకు అలా చూపి ంచు .	0.6054
- मु ज रि म ? - हम तुमहारे अ ती त में घ ू म रहे हैं .	- నే ర సథ ు డి నా ? - మనం నీ గ తం లో న డ సతుననా ం .	0.6904
नहीं . नहीं , मैं . . . पहले दस सी जन के लिए , मैं रि सर च में था .	లేదు . కాదు , నేను . . . నేను మొదటి ప ది సీ జ నలు , పరి శ ో ధన వి భా గ ంలో ఉననా .	0.6609
मैं वा कई उममीद करता हूँ , कयोंकि हम बद ला व के ध ं धे में काम करते हैं .	నా కో రి కె తే అది నిజం కావాల నే , ఎంత ెనా మా వ ృ తతి ఆ విషయం పె నే ఆ ధా ర పడి ఉంటుంది .	0.6002
बॉ ब कै ट गो लड थ वे ट वाली बिल म रे की फि ल म की तरह ?	బా బ క యా ట గో ల డ వె యి ట తో తీ సిన బి ల ము ర రే సి ని మ ాలా గా ?	0.6366
- कया कहा ? - तुम घ म ं डी ग धे .	- ఏమ ననా రు ? - చెతత వెధ వా .	0.6460
नहीं , मैं नहीं बद ला हूँ . मुझसे यह पूछ ना बंद करो गे ?	లేదు , నేను మార లేదు . ఇక ఆ పర శ న అడ గ డం ఆ పు తా వా ?	0.6453
- टा इ नी टि म . - शुकरिया . . .	- టె ని టి మ . - థాంక స . . .	0.6294
अब तुम एक अलग इंसान हो , कै र न .	మీరు ఇపపుడు ఒక కొతత వయకతి , కే రెన .	0.5803
मुझे पता भी नहीं कया सोच ना चाहिए . रुको . इस समय वह कहाँ है ?	నాకు ఏం ఆలోచి ంచ ాలో కూడా తెలీ డం లేదు . ఆగు . వాడు ఇపపుడు ఎకకడ ఉననాడు ?	0.6029
मेरी ऐ ले कस पी . की टन की ऐ क शन फि गर .	నా అ లె కస పి . కీ టన యా కష న బ ొ మమ .	0.6165
ग जब . इस सप ने में कोई तु क नहीं है .	వా వ . ఈ క లకు ఎలా ంటి అరథం లేదు .	0.6036
सी ने टर , कया आप तया ग प तर द ें गी ?	సె నె టర , మీరు రా జీ నా మా చేసతుననా రా ?	0.5295
- यह एक दु हरा व है ? - वह . . . यह . . . हाँ , वह . . . एक दु हरा व .	- పా ట మళళీ మొద ల వు తు ందా ? - అది . . . అవును . పా ట . . . మళళీ మొద ల వు తుంది .	0.7174
अगर हम बना ना चाहते हैं एक ल हर	ఒక మార పు ను తీసుకు రా వాలని అను కు ంటే	0.4894
पता है , जब तुमने कहा , " गु ड आ फ टर न ून " ?	నువవు వాళ లకు " ఇక ఉంటా ను " అని చెపపి నపపుడు ?	0.6103
पता लगा ने का एक ही तरी का है , दोसत ों .	అది తెలియ ాల ంటే ఒకక టే దా రి ఉంది , కు ర రా ళళు .	0.5523
रुको . उससे बात करने से पहले , बस . . .	ఆగు . మీరు ఆమె తో మాటలా డే ముందు , కొంచెం . . .	0.6068
लगता है मेरी आत मा बर फ में खेल रही है	మా హ ృ దయ ాల లో ఆ సంతోష గు డి గంట లు మో గు తుననా యి	0.5604
वह अपने आप ही हो गया . मैं . . . रुको . मैं बदल गया ?	అనుకో కుండా జరిగింది . నేను . . . ఆగు . నేనే నా ?	0.6343
- लेकिन तुमने नहीं किया . - लगता है मैंने नहीं किया .	- కానీ నువవు అలా చేయ లేదు . - నేను అలా చేయ లేదు .	0.5734
मैं समझ ा नहीं सकता , लेकिन अगर मैं बस इस आदमी को बदल सक ूँ ,	నేను చెపపే లేను , కానీ నేను గ నుక వాడిని మా రచ గ లి గి తే ,	0.5337
फ े सब ु क से पयार करने वाला हर बू ढ ा लड ना चाहता है एक सा ं सक ृ ति क ल डा ई	ఫ ే స బు క ని ఇష ట పడ ే పర తీ ము స లి వయకతి తమ సం స క ృ తి కోసం కొ ట లా డ టానికి ఇష ట పడ తారు	0.6749
हैलो , मार गो . मैं बस तुमसे बच ता फिर रहा था .	హేయ , మా రగ ో . నినను దూ రం పె డ దా మని ఇ పపుడే అను కుననా .	0.6115
अरे . चलो भी , गा ली मत दो .	హేయ . ఊ రు కో , వ ద రు బో తా .	0.6059
मेरी करि समस और हमारे पर भ ु के जन म की	ఫె లి జ నా వి డా డ ఇంకా మన దేవు ని జ నమ గురించి	0.5537
पता है ? मैं उसके साथ र हूँ गा ,	ఒక మాట చెపప నా ? నేను ఆమె తో వెళ తా ,	0.5604
- शुकरिया . - नहीं .	- థాంక స . - వదదు .	0.5865
सब ठीक है . मैं समझ ती हूँ यह कया महसूस कर रहा है .	ఏం పర లేదు . నీ ఫీ లి ంగ నేను అరథం చేసుకో గలను .	0.5947
यह मेरी गलती है , ठीक है ?	ఇ దంతా నా తపప ే , సరేనా ?	0.5517
मैं अपने बारे में एक सवाल का जवाब द ूँगा .	నా గురించి ఒక పర శ న కు సమా ధా నం చెప తా .	0.6062
कया हुआ ?	ఏ మెంది ?	0.3730
और पयार से क हो	తి యయ గా ఇలా చెపపు	0.4659
ओह , दो छो टे से श बद पूरा मि जा ज बदल सकते हैं	ఓహ , రెండు చినన మాట లు మొతత ం పరిసథి తి ని మార చేయ గల వు	0.6056
- सही कहा ! - यहाँ वापस आओ !	- అవును ! - వెన కకి రండి !	0.5876
लेकिन वह मेरी पक ड से छ ू ट रहा था , ठीक है ?	కానీ వాడు నా మాట విన డం లేదు , సరేనా ?	0.5623
- शुकरिया . - शान दार . इसे देखो . यह टर ें ड कर रहा है .	- థాంక స . - అదభు తం . ఇది చూడు . ట రెండ అవు తుంది .	0.6843
ग जब . हाँ , मुझे उससे पयार है .	వా వ . అవును , వాడు నాకు చాలా ఇషటం .	0.5597
मुझे तो अ ध य कष ला य क लग रही है	చూడ డానికి పర ె సి డె ంట లా గే ఉననాడు .	0.5240
और उसने पो सट कर दिया .	వాడు దానిని పో సట చేసా డు .	0.4405
शुकरिया , पै ट रिक .	థాంక స , పా ట రిక .	0.5280
- कया कया है ? - रुको , कया मैं . . .	- ఏంటి ఏమి టి ? - ఆగు , నేను . . .	0.6525
धयान से .	జా గర తత .	0.4072
लेकिन यह आ सान है . मैं इसे ठीक कर सकता हूँ .	కానీ ఇది సు ల భ మెన ప నే . నేను ఈ తపపు ను సరి చేయ గలను .	0.5890
मैं जान ना नहीं चाहता !	నాకు తెలుసు కో వాలని లేదు !	0.4285
ठीक है . ग ले लग ने में तुम जी त गए . बढिया है . यह म जे दार था .	సరే . నీకు హ గ ఇవ వాల సి ందే . అదభు తం . భలే అనిపి ంచింది .	0.6701
ठीक है , मि सटर रे मै डि सन ,	సరే , మి సటర రే మా డి స న ,	0.6006
सिरफ चाह ना ही काफी नहीं है . तुमहें गु ससा दिखा ना होगा . तुमहें लड ना होगा .	కావాలి అను కు ంటే చ ాల దు . దాని కోసం వయా మో హం ఉండాలి . మీరు పో రా డ ాలి .	0.5930
जो भी हो . उससे फर क नहीं पडता . मैं जानता हूँ यहाँ कया हो रहा है .	ఏద ొక టి లే . అద ంతా అన వ సరం . ఇకకడ ఏం జరుగు తు ందో నాకు తెలుసు .	0.6478
अग ला काम यह है कि छा तर फ ंड रे जि ंग की सा री देख रे ख एक . . .	ఇక తర వా తి విష యా నికి వ సతే , వి ద యా రథ ు ల ఫ ండ రె జి ంగ కార య కర మా నని . . .	0.6500
- कया हम ना सु ध र ने वाले को सु धा र सकते हैं ? - कया वह सु ध र सकता है ?	- వి మో చి ం ప లేని వారి ని వి మో చి ం ప గల మా ? - అత నని వి మో చి ం ప గల మా ?	0.6348
देखो , मेरे खया ल से मैंने एक भा री गलती कर दी है , ठीक है ?	ఇలా చూడు , నేను పెదద తపపు చేసిన టటు ఉననాను , సరేనా ?	0.5897
- मैं गु रु वार को गर भ व ती होने वाली हूँ . - ब धा ई हो .	- ఈ గు రు వా రం గర భ వ తి ని అవు తాను . - అ భి న ంద నలు .	0.7127
छा तर परि ष द के चु ना व में रे न का परति द व ंद ी .	వి ద యా రథ ు ల పర ె సి డె ంట పద వి కి రెన తో పో టీ పడ ే వాడు .	0.6433
मैं उस में बहुत अचछा हूँ . मुझ में उसकी परति भा है .	అలా చేయడం నాకు బాగా వచచు . అది నా ట య ాల ె ంట .	0.5866
तुमहें लगा बद ला व सिरफ एक दि शा में ही हो सकता है	మార పు ఒక వి ధ ంగా మాతరమే ఉంటుంది అను కుననా వు	0.5564
बस थोडी सी गा लि यों से भर ने दो गा ँ व	ఈ చినన తి టటు తో ఊ రి న డి బ ొ డ డు న గో ల చే దదాం	0.5764
नहीं , तुमहें नहीं है . वह देखना बंद करो .	లేదు , అదే ం లేదు . దానిని చూడ డం ఆ పు .	0.5628
हाँ , मैं महसूस कर सकता हूँ . बहुत जयादा .	అవును , నాకు అలా అనిపి సతుంది . చాలా .	0.5367
- शायद थोडा और बा ँ टो - थोडा और बा ँ टो	- ఇ తరు ల కోసం పాటు పడు - వారి కోసం పాటు పడు	0.5042
हम पूरी मान व जा ति को बदल रहे हैं	మేము మా నవ జా తి ని మా రచు తుననాం	0.5546
- और वह . . . - बेहद आकर ष क है .	- అలాగే వాడు . . . - చాలా అంద గా డు .	0.5959
- देखो , के ए फ सी वाले कर न ल . . . - मैंने उसे सता या था , हाँ .	- ఇలా చూడు , కల న ల సా ండ రస . . . - నేను ఆ య నని కూడా పీ డి ంచా ను , అవును .	0.7193
- क लि ंट ! चलो चल ें . अभी . - धत .	- కలి ంట ! వెళ దాం ప దా . వెంట నే . - ఛ .	0.6158
उसके पास जाओ . अभी . इससे पहले कि वह च ली जाए . यकीन मान ो .	ఆమె దగగర కు వెళళ ు . ఇ పపుడే . ఆమె వెళలి పో క ము ందే వెళళ ు . ననను నమ ము .	0.6292
कि तुम अपनी नौ करी छोड दो गे ,	ఉద యో గం మా నే సి , అనని టి నీ వదిలే సి	0.4737
हम पूरी मान व जा ति को बदल रहे हैं	మేము మా నవ జా తి ని మా రచు తుననాం	0.5546
खैर , कया मैं दुनिया में दुनिया भर का बद ला व ला रहा हूँ ?	సరే , నేను ఈ పరప ంచా నికి అవ సర మెన మంచి చేసతుననా నా ?	0.5583
हे भगवान . वे मेरे बारे में चु ग लिया ँ कर रहे हैं .	ఓ రి , దేవుడా . వాళళు నా గురించి చెతత వా గు డు వా గు తుననారు .	0.5600
और उस करि समस की सु बह वाले ए ह सा स की बस शु रु आत ही हुई है	ఎందుకంటే ఈ కరి సమ స ఉద య సంతోష ం ఇ పపుడే మొద ల వు తుంది	0.6168
तो , हम यही करते हैं .	చూ సా రు కదా , ఇదే మా పని .	0.5514
- वॉल टर . - किसी को पर वाह नहीं तुमहारा नाम कया है	- వాల టర . - నీ పేరు ఏంట ని ఎవ డ ూ ప టటి ంచుకో డు ,	0.6514
अपनी जिंदगी की कहानी	తిరిగి రా సే అవకా శం ఉంది	0.3587
कि तुम अपने च य नों की स फा ई नहीं दे पा ओ गे .	నీకు భ యం పు టటి సతు ంటే అది నేను అరథం చేసుకో గలను .	0.5896
वह रहा मेरा पया रा बेटा .	నా బా బు ఇకకడ ఉననాడు .	0.4699
तुम कर सकते हो . चलो .	నువవు ఇది చేయ గల వు . ప దా .	0.5703
हाँ . यह थोडा त ंग है .	అవును . కా సత టె ట అయి ంది .	0.5492
वह बहुत जो र की आवा ज थी .	శ బ ద ం గ టటి గా వచచింది .	0.5417
मतलब , तुम बदल गए हो .	అంటే , నువవు మా రి పోయా వు .	0.4000
शायद थोडा और बा ँ ट ें ?	ఇ తరు ల కోసం పాటు పడ గల మా ?	0.5213
मुझे कभी किसी मु ज रि म से इतनी बकवास नहीं सुन नी प डी है .	ఒక నే ర సథ ు డి తో నేను ఇంత కు ము ంద ె పపుడ ూ ఇంత గా తి పప లు పడి ంది లేదు .	0.6127
हाँ . वह अपने आप में थोडा ली न रह ता है , लेकिन यह बात है	అవును . వాడి కి కొంచెం తల పొ గ రు ఎ కకు వే , కానీ మీరు కలి ంట గురించి	0.5997
और मैंने इस वाले की फा इ ल देख ी है .	అలాగే నేను ఆ వయకతి ఫె లు ను చూ సా ను కూడా .	0.5844
मैं छा तर परि ष द अ ध य कष के चु ना व में ख डे होने के बारे में सोच रही थी .	నేను మా స కూ ల లో వి ద యా రథ ు ల క ౌ న సి ల పర ె సి డె ంట పద వి కి పో టీ చే దదాం అనుకుంటుననా ను .	0.6736
खैर , ज ॉ श का परिवार बे घर ों के एक आ शर य में करि समस का डि नर करवा ता है .	సరే , జా ష వాళళ కుటుం బం కరి సమ స రోజు న గ ృ హం లేని వా రికి భ ో జ నం ఏ ర పాటు చే సతు ంటా రు .	0.6604
किसी स थि ति को इतनी बु री तरह से गलत समझ ने पर तुम कया उममीद करते हो ?	నువవు జరిగి న విష యానని ఇంత దారు ణ ంగా వ కర ంగా అరథం చేసు కు ంటే నేనే ం చేయాలి చెపపు ?	0.5748
ठीक है , रुको . तुम कहीं नहीं जा रही हो .	సరే , ఇక ఆ పు . నువవు ఏం చా వడం లేదు .	0.6247
मुझे इस फा इ ल में थोडी दि क कत हो रही है .	ఈ ఫె ల విషయం లో చినన సమసయ ఎదు రె ంది .	0.6059
अरे , यह बकवास है . तुम सु ध र गए थे . मैं वहाँ था .	అది వె ర రి త నం . నువవు వి మో చి ంచ బడ డా వు . నేను అకకడ ఉననాను .	0.6403
बहुत आ सा नी से मना ले ता है .	ఎంత బాగా అంద రి నీ ఒ పప ి సతుననా డో .	0.5285
एक बार फिर , मुझे माफ करना .	మళళీ అడుగు తునన ందుకు కషమి ంచండి .	0.4603
- कै री . - कै री !	- క యా రీ . - క యా రీ !	0.5464
कितनी गलत बात है . मैंने कहा था कि म बर ली सबसे अचछी है .	ఇది మ హా దారు ణం . ఈ పని లో కి మ బె ర లి కి తి రుగు లే దని చెపపా ను కదా .	0.5807
हैलो , दोसत ों .	హేయ , మి తరు లా రా .	0.4394
अग ली बार कुछ द फा और बोल ना .	అనని సా రలు చెపప ాల సిన పని లేదు .	0.4967
- मेरा फोन आ ख िर है कहाँ ? - तुमहारा मतलब यह फोन ?	- నా ఫోన ఎకకడ ? - ఈ ఫోన గురి ంచా అ ంటుననా వు ?	0.6228
इसकी ल हर ें कितनी दूर तक जाएँ गी	ఈ పర భా వం ఎంత దూ రం వెళ తు ందో	0.5767
कि कोई कु त ता ना होने की ब जा य एक खो ए हुए कु त ते में विश वास करना बेहतर था .	అసలు కు కక ే లేదు అను కునే దాని క ననా , నా కు కక పోయింది అను కు ంట ూ బర త క డం మే లు అనిపి ంచింది .	0.6085
मेरी कार य कारी वी पी की सा री फो टो यहाँ कया कर रही हैं ?	నా ఎ గ జి క యూ టి వ వీ పీ ఫో టో లు ఇకకడ ఏం చేసతుననా యి ?	0.5678
- बस . . . - नहीं . भगवान , मैं नहीं करना चा हूँ गा .	- కొంచెం . . . - లేదు , దేవుడా , నాకు చేయి పెటట ాలని లేదు .	0.5887
वह सबसे अचछा करि समस का तो ह फा था जो उनहोंने या किसी और ने मुझे कभी दिया था .	మా అమమ , లేక ఇం కె వర ెనా సరే , నాకు ఇ చచి న అ తి గొపప కరి సమ స బహు మ తి అదే .	0.6372
- अरे , वह रहा क लि ंट . - अरे , क लि ंट .	- హేయ , కలి ంట అకకడ ఉననాడు . - హేయ , కలి ంట .	0.6150
- सब ठीक है . आज रात बस एक खो ल ना . - व हो !	- ఏం పర లేదు . ఇ వాళ రాతరి కే . - అమమ ో !	0.6758
- वह खाना है , है ना ? - वह ल जी ज है .	- అది తి నే దే కదా ? - భలే రు చి గా ఉంటుంది .	0.5727
- नहीं . - ठीक है . उ ठ ो . ठीक है , आ राम से .	- లేదు . - సరే . ప దా . అంతే , మె లలి గా .	0.6903
- यह मजाक कर रहा है . - माफ करना , कया आपने रि टा यर कहा ?	- ఇ తను బు కా యి సతుననా డు అంతే . - ఒకక నిమిష ం , రి టె ర అవు తా అననా వా ?	0.6041
मुझे नहीं पता . शायद कोई च मत कारी तु र ंत होने वाला ह ल नहीं है .	నాకు తెలీదు . బహుశా ఈ సమసయ కు త కష ణ పరి ష కా రం లేదు ఏ మో .	0.6467
उनहें उनकी जिंदगी दिखा ते हो और तुम बद ला व की उममीद करते हो	వాళ లకు తమ జీవితం ఎలా ంటి దో చూ పు తా ము అది చూ సి వారు మార తా రని ఆ శి సతా ము	0.5637
तुमहारे क पडे अचछे लगे .	నీ బ టట లు బాగు ననా యి .	0.5299
तो कया तुम यह बकवास बंद करके मेरे साथ चलो गे ?	పిచచి వా గు డు వా గ డం మా నే సి నాతో వ సతా వా ?	0.5724
और तुम वह चाहते हो .	నీకు అది కా వాలని ఉంది .	0.4507
मुझे नहीं पता यह कयों नहीं हो रहा . . .	ఇంకా ఎందుకు జరగ డం లే దో నాకు తెలీ డం లేదు . . .	0.5283
तो थोडी अचछा ई फै ला ओ	కాబటటి కొంచెం మంచి చె య	0.4495
उनहें उनकी जिंदगी दिखा ते हो और तुम बद ला व की उममीद करते हो	వాళ లకు తమ జీవితం ఎలా ంటి దో చూ పు తా ము అది చూ సి వారు మార తా రని ఆ శి సతా ము	0.5637
मतलब , मुझे पता नहीं . वह बहुत जयादा न क च ढ ी थी .	ఏ మో , చెపప లే ం . ఆ వి డని చూ సతే మొ ండి దాని లా అనిపి ంచింది .	0.5643
कया ? यह ना ट की य चे हरा कयों बना या है ? तुम . . .	ఏంటి ? ఎందుకు మొ హం అలా సీ రి య స గా పెటటా వు ? నువవు . . .	0.6491
- तुमहें देख कर अचछा लगा , बडी बहन . - हैलो , क लि ंट . और फिर . . .	- నినను చూడ టం సంతోష ం , అ క కా . - హేయ , కలి ంట . అలాగే . . .	0.7400
तुम किस पर काम कर रही हो ?	నువవు దే ని మీద పని చేసతుననా వు ?	0.4469
खैर , हम यो जना से चल ते हैं हर निय म का पा ल न करते हैं	మేము పర తీ లెన లో ని ల బ డు తు ంటా ం పర తీ నియ మా నని ఫ ాలో అవు తు ంటా ం	0.6094
मुझे अपने ऊपर इ ल जा म लगा ने वा लों के बारे में कुछ नहीं बताया जाएगा ?	నా మీద నే రం మో పే వారి గురించి నేను ఎందుకు తెలుసు కో కూడదు ?	0.5678
मुझे तुम में का बि लि य त दिखा ई दे ती है और यहाँ इसकी कोई क दर नहीं है .	నీ లో పరతి భ ఉ ందని నాకు తెలుసు , ఆ పరతి భ ఇకకడ అ ణి గి పో తుంది .	0.6379
अब न फ रत करने वाला एक इंसान कम हो गया	ఇపపుడు మర ొక వయకతి మంచి వా రయ యా రు	0.5600
लेकिन लगता है सब छोड कर चले जाना	కానీ అను కునన టటు ఇది అంతా వది లి పో వడం	0.5237
कयोंकि किसी और ना ला य क को अपने दिन का मजा ले ने की कया जरूरत है ?	ఎందుకంటే నువవు కా కుండా వే రే ఇ తర వెధవ తన రోజు ను ఎ ం జా య చేయడం ఎంత వర కు స బ బు ?	0.6073
हे भगवान . यह अभी भी रो मा ं च क है .	ఓహ , దేవుడా . అయి నా నాకు థ రి ల వ సతుంది .	0.6050
कुछ दिन तुम बहुत अचछे काम करो गे	కొనని రోజు లు నువవు ఆ కా శా నికి ఎ గర వచచు	0.5175
कुछ दिन तुम बहुत अचछे काम करो गे	కొనని రోజు లు నువవు ఆ కా శా నికి ఎ గర వచచు	0.5175
अब न फ रत करने वाला एक इंसान कम हो गया	ఇపపుడు మర ొక వయకతి మంచి వా రయ యా రు	0.5600
और इस पू रे समय तुम एक ही काम करते आ रहे हो ?	అ పపటి నుండి నువవు ఇదే పని చేసతుననా వా ?	0.5423
आप इसमें बेहतर कयों नहीं हो पा ते हैं ?	మీకు ఎంత కాల మెనా స కె టి ంగ ఎందుకు రా వడం లేదు ?	0.4989
- हाँ , मेरे लिए ट ै प डा ंस नया है . - थोडा . हाँ .	- అవును , ట యా ప చేయడం నాకు కొతత . - కొంచెం కొతత . అవును .	0.6211
- यह बे घर ों का आ शर य है . - वे हमें देख नहीं सकते हैं .	- ఇది ని రా శ ర యు ల ఆ శ ర యం . - వాళ లకు మనం కనిపి ంచ ం .	0.6870
यह और त उ तनी द या ल ु है जि तना कोई भी इंसान हो सकता है	ఈ అమమాయి చాలా మంచిది మను ష ు లు అంద రి లో మంచిది	0.5522
हम इतनी मे ह न त कयों करते हैं ? हम वह ल हर ों के लिए करते हैं .	మనం ఇంత కష ట పడి ఎందుకు పని చే సతు ంటా ం ? తరం గ ాల కోసం .	0.6015
लेकिन तुम कैसे . . . तुमहें पता भी कैसे चला कि तुम बदल गए ?	కానీ నీకు . . . కానీ నువవు మా రి న టటు నీ కె లా తెలుసు ?	0.6111
अरे , कया हो रहा है ? कया तुमने अपने भ वि ष य में कुछ देखा है ?	హేయ , ఏం జరుగు తోంది ? నువవు నీ భ విష యత లో ఏం చూ సా వు ?	0.6493
दिखा ने का समय आ गया हम कया कह रहे हैं इस बद ला व को करके दिखा ना है	మన లకష యానని చే ధి ంచ డానికి బయ లు దే ర ాలి ఈ వి ధా నా నని మా రచ ాలి	0.5820
तो आप सै ं टा कल ॉ ज , य ी शु और म रा या कै री के दु श मन हैं . और वह . . .	వారు శా ంటా క లా స , ఏ సు క రీ సతు కు అలాగే మరి యా కే రికి శ తరు వు లు అ ంట . అది . . .	0.7117
और मैंने सोचा कि अगर वह देख पा ए कि मैं भी ना सु ध र पा ने वाला था . . .	అందు కని నేను కూడా వాడి లా గే వి మో చి ం ప లేని వాడి గా ఉండే వాడి నని వాడి కి తెలి సతే . . .	0.5551
कै र न ब ला न स की	కే రెన బ లా ంక స కి	0.5663
उससे मुझे चो ट पहुँ ची है .	అలా అంటే నాకు బాధ గా ఉంటుంది .	0.5247
समझ गई .	అలాగే .	0.3085
हमें आज कोई मु सी ब त नहीं चाहिए .	దయచేసి ఇ వాళ మమ మ లని ఇ బబంది పెటట క ండి .	0.5502
मैं कर ूँगी . मैं वा दा करती हूँ , मैं कर ूँगी !	తపప కుండా . ఒ టటే సి చెప తుననాను , తపప కుండా ది దదు కుంటా !	0.4837
शा बा श , कै र न !	అదభు తం , కే రెన !	0.5730
कै र न ब ला न स की	కే రెన బ లా ంక స కి	0.5663
हम ज ंग ली थे . एक बार हमने एक कर ू ज का ज हा ज चु रा लिया था .	పిచచి ఎ కకి ంచే వా రం . ఒక సారి మేము ఒక క రూ జ షి ప ని దొ ం గి లి ంచా ం కూడా .	0.6147
आपकी फा इ ल में लि खा है कि आपको करि समस की पु डि ंग पसंद थीं .	మీ ఫె ల లో మీకు ఫి గ గి పు డ డి ంగ అంటే ఇషటం అని ఉంది .	0.6059
आप वापस ध र ती पर जाकर इं सा नों वाले काम करना नहीं चाहते ?	మళళీ భ ూ మి పె కి వెళలి మను ష ు లు అను భ వి ంచే వాటి ని అను భ వి ంచ ాలని లేదా ?	0.5384
लेकिन अगर हम इसे बदल ते हैं , कया यह अस ली बद ला व ला ने ला य क पर भा व बना पा ए गा ?	కానీ మనం వీ డిని మార చి న తరవాత కూడా , సమా జా నికి మంచి చేయ గల నిజ మెన మార పు ను తీసుకు రా గల మా ?	0.6021
मुझे पता नहीं .	నాకు తెలీదు .	0.4044
अगर ऐसा है , तो मैं अपना रि टा यर में ट लेना चा हूँ गा .	అలా అయితే , నేను నా రి టె ర మె ంట ప యా కే జి తీసు కొ ని వెళళి పో తా .	0.5668
दि सं बर	డి సె ం బర	0.4498
" वह कहाँ च ली गई ? "	" ఆ అమమాయి కి ఏ మెంది ? "	0.5103
रुको , क लि ंट , पलीज . कया हम रु क कर जरा देर इसके बारे में बात कर सकते हैं ?	ఆగు , కలి ంట , పలీజ . ఒక కష ణం ని ల బడి ఈ విషయం గురించి మాటలాడ తా వా ?	0.6657
मुझे पता नहीं .	నాకు తెలీదు .	0.4044
ओह , धत . यह अचछी बात नहीं है .	ఓహ , దేవుడా . ఇదే ం బ ాల ేదు .	0.5565
मैं यहाँ पहली बात में अ ट का हुआ हूँ .	నాకు ఒక విషయం అరథం కా వడం లేదు .	0.5133
चलो शु रु आत करते हैं उस ह रे वाले से .	ఆ ప చచ ని దానిని ముందు తె రు దదాం .	0.5727
अगर बंद करने पर क लि क की आवा ज नहीं आती है , तो उससे सा री गर मी बाहर निकल जाती है	దానిని మూ సిన పపుడు తలు పు కలి క అవ వ కపోతే , ఇంట లో ని వే డి బయటకు పో తుంది ,	0.6354
- यह तुमहारे लिए नहीं है . इसके लिए है . - यह कौन है ?	- అది నీ కోసం కాదు . అది ఆమె కోసం . - ఆమె ఎవరు ?	0.5722
नहीं . नो रा . अरे . चलो भी .	లేదు . నో రా . హేయ . అలా అన ొ దదు .	0.6118
मैं बता ता हूँ .	ఒకటి చెపప నా ?	0.3755
मुझे नहीं पता .	నాకు తెలీదు .	0.3940
गु ड आ फ टर न ून .	ఇక ఉంటా ను అని .	0.4546
भा ड में जाओ .	ము దదు పెటటు కో .	0.4212
" वापस सो जाओ . " मैं . . .	" వెళలి పడు కో ండి . " నేను . . .	0.6358
ठीक है . यो जना के अनु सा र .	సరే , అలాగే . స కరి ప ట లో రా సతా .	0.5668
बढिया .	మంచిది .	0.3498
उसके वापस आने से पहले मेरी बात सुनो . समय आ गया है कि मैं कुछ चीज ों की वय व स था कर ल ूँ .	అమమాయి వచచే లో పు నేను చెపపే ది వి ను . నేను కొనని ఏ ర పా టలు చేయ ాల సిన సమ య మెంది .	0.6588
- ठीक है . कया तुम खुद को संभा लो गे ? - खैर , नहीं , वह बेवकूफ लग रहा था .	- సరే . కా సత మా ము లు గా పర వర తి సతా వా ? - అంటే , లేదు , వాడు నిజంగా నే వె ర రో డి లా ఉననాడు .	0.6402
मैं बता ऊँ ? तो बात यह है .	ఒకటి చెపప నా ? అసలు విషయం ఇది .	0.5502
. . . की सा री देख रे ख एक स व त ं तर . . .	. . . ఒక స వ త ంత ర కా ంట రా క టర . . .	0.7451
तुमहें आने की जरूरत नहीं है .	నువవు రా వాల సిన పని లేదు .	0.5202
ठीक है . तैयार हो जाओ .	సరే . సిదధ ంగా ఉ ండు .	0.5036
मुझे पता नहीं .	నాకు తెలీదు .	0.4044
- बस थोडी सी अचछा ई चाहिए होती है - बस थोडी सी अचछा ई	- కొంచెం మంచి చేసి నా చ ాలు - కొంచెం మంచి చ ాలు	0.4617
हर साल सता ने के द ौ रा न , तुम बात करने की कोशिश करते हो और कोई आवा ज नहीं आती है .	పర తీ ఏ డా ది పీ డి ంచే సమ యా నికి , నువవు ఏమెనా మాటలాడ డానికి పరయతని సతు ంటా వు , కానీ ఏమీ మాటలాడ లేవు .	0.5806
हाँ , मैंने उसके बारे में सुना . वही है ना जब लोग इस ते माल करते हैं . . .	అవును , దీని గురించి నేను వి ననాను . ఇ ందు లోనే కదా జ నం హా ష . . .	0.6487
ठीक है . बि ली आई लि श और एड शी र न की ल डा ई को दोनों तरफ के	సరే . బి ల లీ ఎ లలి ష మరియు ఎడ ష ీ ర న మధయ జరగ బో యే వా గ వా దానికి ఇ రు వు రి	0.6317
और ता री फ के लिए भी . मुझे अभी दोनों की जरूरत थी .	మె చచు కునన ందుకు కూడా థాంక స . నాకు అవి చాలా బ లా నని ఇ చచా యి .	0.5822
यह " भा ड में जाओ " जैसा है लेकिन थोडी कला स के साथ	అలా అన డం " పోయి చా వు " అన డ ంతో సమా నం కా కపోతే మంచి గా అనన టటు	0.5860
अ ह - अ ह . अरे , नहीं . तुम जानते हो मुझे उससे तक ली फ होती है .	ఆ హ - ఆ హ . ఓహ , లేదు . ఆ మాట నాకు న చచ దని నీకు తెలుసు .	0.6649
तुमहें बस इसे ले लेना है और तुम रि टा यर हो जाओ गे .	దీని ని తీసుకు ంటే నువవు రి టె ర అయి పోయి న టటే .	0.5896
एक समस या है और मैं उसे तु र ंत सु ल झा द ूँगा .	ఒక చినన సమసయ ఎదు రె ంది , దానిని వెంట నే పరి ష కరి సతా .	0.6083
- मुझे उसकी जगह दे दी गई . - हे भगवान .	- ననను ఈ పని చేయ మని అడి గా రు . - ఓ రి , దేవుడా .	0.6150
- तुम लड ना चाहते हो ? - नहीं , मैं . . .	- గొ డ వ పడ ాలని ఉందా , వెధ వా ? - లేదు , నేను . . .	0.6785
- तुमहें देख कर अचछा लगा . - तुमहें भी .	- నినను చూడ డం సంతోష ం . - నినను చూడ డం సంతోష ం .	0.5143
और जब वह बडा दिन आ ख िर कार आ जाता है	ఆ పరా ముఖ య మెన రోజు వచచి న తరవాత	0.5451
कुछ वै सी चीजें करने की कोशिश करना जो मैं पहले नहीं कर पा या	ముందు చే జి కకి ంచుకో లేక పోయి న అవకా శ ాలను తిరిగి ఒ డి సి పటటు కునే సమ య మె ందే మో	0.5519
इन में से हर एक ऐसी आत मा है जि से हमने सु धा रा है . साथ मिल कर .	మనం వి మో చి ంచిన పర తీ ఒకక ఆ తమ ఇకకడ ఉంది . మనం ఇదద రం కలిసి వి మో చి ంచిన వి .	0.6211
ओह , भगवान , यह एक करि समस त रा स दी है .	ఓహ , అయ యో , ఈ కరి సమ స ఏం బ ాల ేదు .	0.6757
अरे , यह करि समस है . करि समस है .	హేయ , ఇ వాళ కరి సమ స . ఇది కరి సమ స రోజు .	0.5486
और जब वह बडा दिन आ ख िर कार आ जाता है	ఆ పరా ముఖ య మెన రోజు వచచి న తరవాత	0.5451
" कभी नहीं बदल ते हैं " ? अब मैं वा कई इस आदमी को ड रा ना चाहता हूँ .	" ఎ పపటి కీ మార రా " ? ఇపపుడు నాకు వాడిని పీ డి ంచ ాలని ఉంది .	0.5965
तो तुमहें कुछ क ड वे सच ों को सवी कार ना पडे गा और वह . . .	నువవు కొనని అస ౌ కర య ంగా నిజ ాలను అ ంగ ీ కరి ంచ ాల సి ఉంటుంది , అది . . .	0.6233
कया लोग वा कई बदल सकते हैं ? मेरा मतलब अस ली , लं बे समय तक टि क ने वाले , स का रात म क बद ला व से है .	మను ష ు లు నిజంగా నే మార తా రా ? అంటే , నిజ మెన , శా శ వ త మెన మంచి మార పు వారి లో వ సతు ందా ?	0.6595
मैं बात कर रहा हूँ आपके ड रा इ ंग रू म में एक अस ली पे ड की .	నేను మీ ఇంట లో , ఒక నిజ మెన చె టటు ఉండాలి అ ంటుననా .	0.6006
मैं पकका नहीं कह सकती , कयोंकि वह असल में बहुत अचछा है .	నాకు నమమ కం కల గ డం లేదు , వాడు చాలా మంచి కు ర రా డి .	0.5703
हे भगवान . यह शान दार है .	ఓ రి , దేవుడా . ఇది భలే విషయం .	0.5270
तुमहारी बाकी की जिंदगी में दोबारा कभी " हम ब ग " नहीं कहा .	మి గి లి న జీవితం అంతా ఒకక సారి కూడా తపపు చేయ లేదు .	0.5292
- तुम मजाक कर रहे हो ? - नहीं .	- జో క చేసతుననా వా ? - లేదు .	0.5994
- गु ड आ फ टर न ून . - गु ड आ फ टर न ून !	- ఇక ఉంటా ను . - ఇక ఉంటా ను !	0.4765
मुझे ना का ए ह सा स हो रहा है .	వాళ లకు న చచ లేదు అను కు ంట .	0.5780
- लेकिन वे शायद नहीं चु न ेंगे . - शायद नहीं .	- కానీ నినను వారు ఎ నను కో కపో వచచు . - ఎ నను కో కపో వచచు .	0.5185
यह ह ँ सो ड है , यह लं बा है इसका दिल अचछा है	చ లా కీ గా ఉననాడు , ఎ తతు గా ఉననాడు మంచి మన సు ఉనన వాడు	0.5783
अगर हम पयार और खु शि यों के न शे में हों , वह इसलिए	సంతోష ం ఇంకా సం బర ాల తో ని ండి పోయి ఉంటే , అది	0.5696
या तुमहारे पार स ल चु रा ने के बाद भी ?	ప యా కే జీ లు దొ ం గి లి ంచి నా కూడా నాతో ఆడ తా రా ?	0.5725
और वह खुद को रो क नहीं पा या , मेरे साथ फ ल रट करने लगा .	వాడిని వాడు అ దు పు చేసుకో లేక నాతో పరి హా స ాలు ఆడ డం మొద లు పెటటా డు .	0.5856
ठीक है , हो न हार सि ं ह .	సరే , తెలి వెన వా డా .	0.4756
यह बहुत म जे दार है	ఇది చాలా సర దా గా ఉంది	0.4884
- हाँ . - मैंने वहाँ बीच में ग ड ब ड कर दी थी .	- అవును . - మధయ లో కొంచెం శ ృ తి తపప ా ను .	0.6359
- मैं तुमहें थ प पड लगा द ूँगा . - नहीं . मैं जाकर उससे बात कर ूँगा .	- నీ నె తతి ప గల గొ డ తాను . - కాదు . నేను ఆమె తో మాటలాడ తాను .	0.6219
- बहुत कुछ है . तुमहें बहुत पसंद आए गा . - इस सब के लिए हमारे पास पर या पत लोग नहीं हैं .	- అన నీ చేసతుననా ం . నీకు బాగా న చచు తుంది . - మన దగగర అంత మంది సి బబంది లే రు .	0.6524
हम चल रहे स व - देख भा ल कार य कर म के बारे में बाद में मिल रहे हैं .	అలాగే స వీ య సం ర కష ణ పర ో గరా మ గురించి మనం తరవాత కల వాలి .	0.6380
मैं एक नजर डाल ूँ ?	నేను ఒక సారి చూడ ొ చచా ?	0.4682
तो , अब चलो भी . हि म मत बा ँ धे रख ो . जि म मे दार बन ो .	సరే , ఇక ప దా . వి శ వా సంతో ని ల బ డు . పెదద మనిషి లా వయ వ హ రి ంచు .	0.6690
अरे , कि म बर ली . मैं अपनी कं प नी शुरू कर रहा हूँ .	హేయ , కి మ బె ర లి . నేను నా స ొ ంత కం పె నీ ని పరా రం భి సతుననాను .	0.6272
हमें सिरफ अपनी पर वाह होती है	మనం మన కోసం మాతరమే ఆలోచి ంచు కుంటా ం	0.4691
अगर यह कहानी का मह त व पू रण हि ससा बन गया जिस के पीछे हम जाना चा हें तो .	మనకు తరవాత అవ సర మ యయ ే వే రే విషయం ఏమెనా తెలి సే అవకా శం ఉంది .	0.6028
- कया ? कैसे ? किस के साथ ? - मेरे साथ .	- ఏంటి ? ఎలా ? ఎవరి తో ? - నాతో నే .	0.6341
तो , तुमने बस एक दिन फै सला कर लिया	అంటే నువవు ఉనన టటు ండి ఒక రోజు	0.5474
नहीं . मैं करता हूँ . मैं . . .	లేదు . నాకు అనిపి సతుంది . నాకు . . .	0.5619
- नहीं ! मजाक कर रहे हो . - हाँ .	- లేదు ! ఇది నమమ లే కపో తుననా . - అవును .	0.6034
जब मैं तुमहारे सारे कला इं ट अपने साथ ले जा ऊँगा .	నీ కల యి ంట స అంద రి నీ నాతో తీసుకు పో తా కదా .	0.6118
- और करो बस वह जो कर सकते हो - करो जो कर सकते हो	- నీకు చే తన ె ంది చే సతే చ ాలు - చే తన ె ంది చె య	0.5173
ओह , यह बेशक बहुत आ सान होगा तुमहारी बा जार की हि स से दा री बढ ा ना	ఓహ , అలా చే సతే , మీ మార కె ట వా టా అ మా ంత ం పె రిగి పో తుంది	0.5791
मतलब , मुझे क लि ंट से पयार है . वह बहुत अचछा है . मैं उसे एक दोसत मान ती हूँ .	అంటే , నాకు కలి ంట చాలా ఇషటం . గొపప వాడు . ఒక సనే హి తు డి గా చూ సతాను .	0.6634
तुम किसी ऐसे को बचा ने के लिए बस के सामने कू द गए जिस की तुम पर वाह करते हो .	నువవు నీకు ఇష ట మెన ఒక వయకతి ని కా పా డ డానికి బ స సు ము ందుకు దూ కా వు .	0.6430
या आप खेल ना चाहती हैं ?	లేక మీరు కూడా మా తో ఆడ తా రా ?	0.4817
ठीक है . रुको .	సరే , ఆ గ ండి .	0.4688
मान व जा ति की भ ला ई के लिए तुमहारे सम र प ण में कोई शर म की बात नहीं है .	మా నవ జా తి మంచి కోసం నువవు తా ప తర య పడ డం లో ఎలా ంటి తపపు లేదు .	0.6401
. . . मैं यहाँ आई . . .	. . . ఇకకడికి వచచింది . . .	0.6945
क लि ंट . हाँ .	కలి ంట . అవును .	0.4673
हाँ . खैर , जरा यह सुनो .	అవును . సరే కానీ , ఇది వి ను .	0.5351
- नहीं , हम यह बात नहीं करेंगे . - मेरे जाने के बाद . . .	- లేదు , మనం ఇది చూడ కూడదు . - నేను చని పోయా క . . .	0.6621
हाँ , क लि ंट , लेकिन उसका दिल अचछा है . . .	అవును , కలి ంట , కానీ దాని మన సు . . .	0.6377
तो , तुमने सोचा यह बहुत अचछा आई ड िया होगा	అంటే , నీ గ తా నికి వాడిని తీసు కొ చచి	0.5071
या मैं हमेशा के लिए र हूँ गा	లేక నేను ఎ పపటి కీ ఇలా గే	0.5318
ओ वे न मा मा ! आप ठीक हैं ?	అ ం కు ల ఒ వెన ? బాగానే ఉననా రా ?	0.5509
- थोडा सा काफी है - थोडा सा काफी है	- కొంచెం చేసి నా చ ాలు - కొంచెం చేసి నా చ ాలు	0.4140
अस ली पे ड ों की माँ ग कम हो रही है . तुमहारी बि करी कम होती जा रही है .	నిజ మెన చె టలు కొ నే వారి సం ఖ య రోజు రోజు కు త గ గు తుంది . మీ సే లస త గ గు తూ నే ఉ ంటుననా యి .	0.6130
रुको . कया ? रुको . कयों नहीं ?	ఆ గ ండి . ఏంటి ? ఆ గ ండి . ఎందుకు కాదు ?	0.4626
और ल हर ों को फै ल ते हुए देख ूँ	ఆ రా యి స ృష టి ంచే తరం గ ాలను చూడ ాలని	0.5623
तुम करि समस बर बाद कर रही हो !	నువవు కరి సమ స ని పా డు చేసతుననా వు !	0.4977
और ल हर ों को फै ल ते हुए देख ूँ	ఆ రా యి స ృష టి ంచే తరం గ ాలను చూడ ాలని	0.5623
यह व या पार सम ू ह किसी फै ं सी न यू य ॉर क मी ड िया सला ह कार को पैसे नहीं दे सकता .	ఈ సమయం లో న యూ యా రక నుండి వచచి న ఈ ఫా నస ీ మీ డి యా క నస ల టె ంట కి పెటటు కునే సత ొ మ త మనకు లేదు .	0.6793
क लि ंट , तुम मुझे बेवकूफ नहीं बना सकते . मैं जानती हूँ तुम इस सब के नीचे कैसे इंसान हो .	కలి ంట , ననను వె ర రి దానిని చేయ డానికి చూడ కు . నీ మన సు ఎలా ంటి దో నాకు తెలుసు .	0.6415
खैर , अब यह सब मेरा है दरवा जे पर है नाम मेरा	ఇపపుడు అలా ంటి పర దేశం లో నేను ఉననా తలు పు పె నా పేరు తో	0.5475
हाँ , दो छो टे से श बद पूरा मि जा ज बदल सकते हैं	అవును , రెండు చినన పద ాలు పరిసథి తి ని మొతత ం మార చేయ గల వు	0.5890
मैं सच में अपने सारे क पडे जर म नी से नहीं ख री द ता हूँ .	నిజ ానికి నేను జె ర మ నీ నుండి బ టట లు కొ నుక కో ను .	0.6035
- तुमने मेरे सबसे अचछे दोसत की नौ करी छु ड वा दी ! - हाँ !	- నా బె సట ఫ రెండ పని మా నే సే లా చేసా వు ! - అవును !	0.6480
जो चि ड चि डे होंगे , है ना ? अपने बच चों पर गु ससा निकाल ते होंगे .	అస ంత ృ ప తి తో ని ండి పోయి ఉంటా రు , కదా ? వాళళ పిలల ల పె ఆ కో పా నని చూపి సతు ంటా రు .	0.6168
और तुमहें इसी का फा य दा उठा ना है अगर तुमहें यह ल डा ई जी तनी है	కాబటటి ఈ పో టీ లో మీరు గె ల వాల ంటే మీరు తెలి వి గా , మంచి నిరణ య ాలు తీసుకో వాలి	0.5425
मे ह न त से एक वय क ति के अ ती त , व रत मान और भ वि ष य को फिर से बना ना .	ఆ వయకతి గ తా నని , వర త మా నా నని అలాగే భ విష యత తు ని ఎ ంతో కష ట పడి పు న ః స ృష టి ంచా ం .	0.6657
छोड ो भी . सच में ?	ఊ రు కో తల లి . నిజంగా ?	0.5317
सच में . दोनों तरफ बहुत गु ससा है .	అవును . ఇ రు వర గ ాలు ని పపు లు కక కు తుననారు .	0.5283
तुम यहाँ क लि ंट को सता ने आए हो गे .	కలి ంట ని పీ డి ంచ డానికి వచచి న టటు ఉననావు .	0.5444
वह बहुत ग ंदा है - है श ट ै ग ब हि ष कृ त	వాడు దారు ణ మెన వాడు . # క యా న సి ల చేయ బడ డా డు	0.6233
- गु रु त वा कर ष ण . - हाँ .	- గరా వి టీ . - అవును	0.5505
वह टा इ नी टि म था !	వాడి పేరు టె ని టి మ !	0.4221
हैलो . दूस री वाली कहाँ है ? कया तुम भी एक . . .	హలో . ఇం కొ క భ ూ తం ఎకకడ ? నువవు కూడా . . .	0.6763
कयोंकि मुझे उस अस लि य त में ही रहना है .	ఎందుకంటే నా జీవితం లో అది తపప ని భా గం , మి తర మా .	0.5619
मुझे तुमहें रि टा यर होने देना चाहिए था	నువవు అడి గి న పపుడే అన వ సర ంగా ఇలా ంటి వి మో చ న శ క యం	0.5017
सो ने की एक घ डी है , से फो रा का एक गि फ ट कार ड है	ఒక గో ల డ వా చ ీ , సె ఫో రా గి ఫ ట కార డు ఇ చచి ,	0.6697
हर दिन उ ठ ो , बि स तर से निक लो और त य करो ,	అంటే , పర తీ రోజు ని దర లే చి , మ ంచ ం ది గి న తరవాత ,	0.6139
बाहर जाने के रा स ते की तरफ इ शा रा कयों नहीं करते , ह ँ ? कया वही है ? वहाँ ?	అయితే బయటకు ఎలా వెళల ాలో చూపి ంచ వచచు కదా ? అంతే నా ? అ టు వె పే నా ?	0.6340
इस जगह को देखो , दोसत .	ఈ పర దే శా నని చూడు , మి తర మా .	0.4912
- गु ड आ फ टर न ून - गु ड आ फ टर न ून	- ఇక ఉంటా ను - ఇక ఉంటా ను	0.4381
- गु ड आ फ टर न ून - गु ड आ फ टर न ून	- ఇక ఉంటా ను - ఇక ఉంటా ను	0.4381
ठीक है . जो भी हो . कया मुझे इस बचचे को जान ना चाहिए ?	సరే . ఏదో క టి . ఈ కు ర రా డు ఎవరో నాకు తెలియ ాలా ?	0.6307
आओ , मैं मदद करती हूँ .	ఇలా రా , నేను సహా యం చేసతా .	0.4747
- तो थोडी अचछा ई फै ला ओ - अरे	- కాబటటి మంచి చె య - హేయ	0.5038
रॉ नी ! अंदर बा थ रू म है .	రా ని ! ఇంట లో బా త రూ మ ఉంది .	0.6232
जरूर . अगर आप चाहती हैं तो .	అవును . మీకు ఆడ ాలని ఉంటే ఆడ ొ చచు .	0.5349
लेकिन , पता है , पिछ ले हफ ते ,	కానీ ఒకటి తెలుసు కో ండి , గ త వా రం ,	0.6014
हमने उनके साथ समझ ौ ता कर र खा है .	మాకు వాళళ తో ఒక డీ ల ఉంది లే .	0.5567
- हम परिवार हैं . मैं तुमहारे लिए कुछ भी कर ूँगा . - शुकरिया , ओ वे न .	- మనం ఒక కుటుం బం . నీ కోసం ఏమెనా చేసతాను . - థాంక స , ఒ వెన .	0.6640
- चलो तुमहें ऑ फि स ले चल ें इससे पहले कि तुम . . . - यह कब ूल ने में कोई शर म नहीं है कि तुम डर ते हो .	- ఇం కే మెనా జరగ డానికి ముందు ఆ ఫీ సు కు . . . - నీకు భయ ంగా ఉ ందని ఒ పపు కు ంటే తపప ే ం లేదు .	0.6894
कया ऐसा लगता है मैं मजाक कर रहा हूँ ?	ననను చూ సతు ంటే బు కా యి సతునన టటు కనిపి సతుననా నా ?	0.5141
आप म रा या को ना राज नहीं करना चा हें गे .	మరి యా కి కో పం తె పప ి ంచడం మంచి విషయం కాదు కదా .	0.5444
माफ करना . बहुत वि सता र पू र व क बना या है .	కషమి ంచాలి . కానీ ఇకకడ అన నీ ఎ పపటి లా గే ఉననాయి .	0.5441
तुमहें इसकी आद त डाल नी पडे गी . सच में .	అది నీకు తవర లోనే అ ల వా టు అవు తుంది . నిజంగా నే .	0.5742
अरे . अरे . अरे , अरे , अरे , अरे , अरे , अरे , अरे . तुम .	హేయ . హేయ . హేయ , హేయ , హేయ , హేయ , హేయ . ని న నే .	0.4485
यह तुमहारे फिर से जिंदगी से भाग ने के बारे में है .	నువవు మళళీ నీ జీవితం నుండి పా రి పో తుననావు .	0.5463
छो टी रे बे का और उसका भाई , रे जी या रॉ बर ट या . . .	చి టటి రె బె క కా ఇంకా దాని అనన , రే జ జి లేదా రా బర ట లేదా . . .	0.5662
हम नहीं हार ेंगे . चलो भी . मैं इस बं दे को संभाल सकता हूँ .	మేము వి ఫ ల ం కా ము . ఒ పపు కో . నేను వాడిని మా రచ గలను .	0.6579
एक - एक क डी उस आत मा से ब नी , जि से मैंने सता या है .	నేను వే ద న కు గురి చేసిన ఆ తమ లతో దీని లి ం కులు ఏ ర పర చ బడ డా యి .	0.6452
और मुझे दिन के अ ंत तक न ई मार मि क भा वना एँ चाहिए .	అలాగే సా య ంత రా నికి కొతత హ ృ దయ తీ గ లు అన నీ నా ముందు ఉండాలి .	0.6228
अपनी भ ू मि का नि भा रहे हैं , मन बदल रहे हैं एक - एक करके	మా కర త వయా నని నిర వర తి ంచి , ఒకక ొ కక టి గా మను ష ు ల మన సు లు మా రచు తుననాం	0.6145
तो , आप 4 6 सी जन से रि टा यर में ट ले ने के ह क दार रहे हैं .	మీరు రి టె ర మె ంట తీసుకో వడానికి అర హ త పొ ంది 4 6 ఋ తు వు లు పూర తయ యా యి .	0.6640
वह आ गए . चलो उनका जो र - शो र से सवागत करें .	ఆయన వచ చేసా డు . అంద రం కలిసి ఆయన కు సవా గ తం ప లు కు దాం .	0.6231
ओह , गु ज रे ज मा ने की आ राम दे ह दम क	ఓహ , ఒక నా టి మన పరపంచ వె భ వం ఎంత గొపప ది	0.6600
साथ ही , तुम जानते हो यह पहले किया जा चुका है .	అంతే కాదు , ఇలా ంటి కేసు ను ఇంత కు ముందు కూడా చే ధి ంచా ం కదా .	0.5612
देखो , मुझे एक और मी टि ंग के लिए जाना है और मुझे देर हो गई है .	చూడు , నేను వెళళ డానికి లే ట అయి నా ఇం కొ క మీ టి ంగ ఉంది .	0.6507
तो , क लि ंट मा मा ,	అంటే , అ ం కు ల కలి ంట ,	0.5138
- बना सकती हूँ . . . - सौ परति श त .	- సహా యం చేయ గలను . . . - 1 00 %	0.6858
- पता है , बहुत पर भा शा ली है , वहाँ . . . - हाँ .	- నువవు వెళ లే ఆ స కూ ల లో . . . - అవును .	0.6558
कि म बर ली वि रो धी प कष के बारे में रि सर च करे गी . जिस का मतलब अ परि य जानकारी निका ले गी .	కి మ బె ర లి కొంచెం రీ సె రచ చే సతుంది . అంటే వాడి ల ొ సు గు లను వె లి కి తీ య డం .	0.6325
जरूर .	అవును .	0.3061
तुम कर सकते हो .	నువవు ఇది చేయ గల వు .	0.5072
पलीज कह दो तुम मजाक कर रही हो .	దయచేసి నువవు జో క చేసతుననా అని చెపపు .	0.4703
मैं चाहता हूँ तुम वापस जाओ और उसे उसका अ ती त दिखा ओ .	నువవు వెంట నే వెన కకి వెళలి వాడి కి తన గ తా నని మొతత ం చూపి ంచి రా .	0.5523
अब मैं देख सकता हूँ .	నాకు ఇపపుడు అరథం అయి ంది .	0.4348
सोच रहा हूँ उसके साथ सब कैसा रहा था .	ఆమె తో నీ బం ధం ఎలా ని ల బ డు తు ందో .	0.5756
तुम यह 2 00 साल ों से कर रहे हो .	నువవు ఈ పని ని 2 00 ఏ ళలు గా చేసతుననా వు .	0.5813
गु ड आ फ टर न ून !	ఇక ఉంటా ను !	0.3931
चि यर स .	చ ీ రస .	0.4366
जब तुम नि रा शा में घ ि रे हो और मि जा ज ठीक करने की जरूरत हो	నీ మన సు వి చా ర ంతో ని ండి ఉనన పపుడు నీకు ఉ త సా హా నని కలి గి ంచే వారు కావాలి	0.5735
गु ड आ फ टर न ून .	ఇక ఉంటా ను .	0.3931
गु ड आ फ टर न ून .	ఇక ఉంటా ను .	0.3931
यह मेरे काम का हि ससा है .	అది నా వ ృ తతి లో భా గం .	0.5385
गु ड आ फ टर न ून .	ఇక ఉంటా ను .	0.3931
गु ड आ फ टर न ून .	ఇక ఉంటా ను .	0.3931
गु ड आ फ टर न ून .	ఇక ఉంటా ను .	0.3931
गु ड आ फ टर न ून !	ఇక ఉంటా ను !	0.3931
गु ड आ फ टर न ून !	ఇక ఉంటా ను !	0.3931
गु ड आ फ टर न ून , गु ड आ फ टर न ून	ఇక ఉంటా ను , ఇక ఉంటా ను	0.4082
गु ड आ फ टर न ून , गु ड आ फ टर न ून	ఇక ఉంటా ను , ఇక ఉంటా ను	0.4082
गु ड आ फ टर न ून .	ఇక ఉంటా ను .	0.3931
गु ड आ फ टर न ून .	ఇక ఉంటా ను .	0.3931
रुको . मैं जानता हूँ तुम कया करने की कोशिश कर रहे हो . चलो भी .	ఆగు . నువవు ఏం చేయ ాలని చూ సతుననా వో నాకు తెలుసు . ఆ పు .	0.6235
अस ली @ ज ॉ श हा बि ंस	నిజ మెన @ జా ష హ బ బి నస	0.5157
अ ल वि दा ज ॉ श	వీ డు కో లు జా ష	0.4782
या मुझे सी ख ना होगा हमेशा के लिए रहना	లేక ఎ నన టి కీ ఇలా గే మి గి లి పో తా నా	0.5000
तुम जानते हो तुम पा सकते हो कुछ बहुत अ द भ ु त	నువవు గొపప కార య ాలను సా ధి ంచ గ లు గు తా వు	0.6060
अग ला भ ूत . . . भ वि ष य हमेशा बदल ता रह ता है .	తరవాత రా బో యే భ ూ తం . . . ఫ యూ చ ర కా సత అ సథి ర మెన వాడు .	0.6815
- हाँ . - मैं देख सकती हूँ .	- అవును . - తెలు సతుంది .	0.5436
- मतलब , कि म बर ली . . . - रुको , तुमने पो सट नहीं किया ?	- అంటే , కి మ బె ర లి . . . - ఆగు , పో సట చేయ లేదా ?	0.7142
माफ करना , क लि ंट . यह सब कया है ?	ఏమ య యా , కలి ంట . ఇ దంతా ఏంటి ?	0.5957
हाँ , जरूर .	అవును , అంతే .	0.3994
तब हम करि समस पर पार टी करते हैं	అపపుడు ఈ కరి సమ స పార టీ కి అవ ధ ు లే ఉండ వు	0.5470
- दोसत ों , इसे बस ब हा दु र होना कहते हैं - इसे बस ब हा दु र होना कहते हैं	- సనే హి తులు , దాని నే ధ ె రయ ంగా అడుగు లే య డం అ ంటా రు - దాని నే ధ ె రయ ంగా అడుగు లే య డం అ ంటా రు	0.6002
मैं चा हूँ गा कहीं औ सत से कम हो , तो तुमहें अ र ध वार ष ि क पर ीक ष ा में फ े ल होना पडे गा ,	ఒక డి గరే డ వచచి నా మంచి దే , కాబటటి ఈ సారి వచచే పర ీ కష లలో బాగా రా య కు ,	0.6235
कुछ दिन तुम बहुत अचछे काम करो गे और कुछ दिन हो सकता है फि स ल ने लग ो	కొనని రోజు లు నువవు ఆ కా శా నికి ఎ గర వచచు కొనని రోజు లు జా రి పడి పో తుననా అనిపి ంచ వచచు	0.5741
- हाँ , शुकरिया . लेकिन वहाँ एक बच चा है . . . - यहाँ कुछ भी वा सत वि क नहीं है .	- అవును , థాంక స . కానీ ఇకకడ ఒక బి డ డ ఉంది . . . - ఇదే ం నిజం కాదు .	0.6925
शायद किसी शा ंत इ ला के में एक पु रा ने ढ ंग का घर ख री द ल ूँ .	బహుశా నేను పర శా ంత ంగా ఉండే ఒక వీ ధి లో చ కక ని ఇ లలు క టటు కొ ని ఉంటా నే మో .	0.6354
हम में वह करि समस की सु बह वाली भा वना है और यार , वह म जे दार है	మ ాలో కరి సమ స రోజు సంతోష ం ఉంది అది ఎ ంతో గొపప అను భ వం	0.6048
आ खि री बार , मि सटर ब रि ग स , यह मेरे बारे में नहीं है .	చి వరి గా మళళీ అడుగు తుననా , మి సటర బ రి గ స , నా గురించి వదిలే య ండి .	0.6095
हम में वह करि समस की सु बह वाली भा वना है और यार , वह म जे दार है	మ ాలో కరి సమ స రోజు సంతోష ం ఉంది అది ఎ ంతో గొపప అను భ వం	0.6048
और बाकी सभी सं स कर ण ों की तरह जो किसी ने माँ गे नहीं थे .	అన వ సర ంగా వాళళు తీ సిన ఇ తర అను క రణ సి ని మ ాల లా గే .	0.6407
हम दिन में बस एक बार लि फ ट का इस ते माल कर सकते हैं . तो , चलो इसे जाने नहीं दे ते हैं . बा य , दोसत ों .	మాకు రోజు కు లి ఫ ట ఒక సారి మాతరమే దొ రు కు తుంది . కాబటటి ఇ ందు లోకి ఎ కక ే దదాం . ప దా , బె .	0.6618
मैं अ ती त के करि समस का भ ूत हूँ . तुमहारे अ ती त का .	నేను ఘ ో సట ఆ ఫ కరి సమ స పా సట ని . మీ గ తా నని .	0.6340
और मैं वही करता र हूँ गा जो मैं करता हूँ .	నేను ఎపపుడూ చేసే పని నే చేయ బో తుననాను కాబటటి ఏ మో .	0.4937
और अभी मेरे च ौ थे सवाल का जवाब भी दे दिया .	ఇపపుడు నాలు గ వ దానికి కూడా చెపపా వు .	0.5561
मैं पू रे रा स ते तुमहारे साथ र हूँ गा .	ఈ పర కరి య జరుగు తునన ంత సే పు నేను నీ తో ఉంటా .	0.5766
मैंने तुमसे कितनी बार कहा है कि अंदर आने के बाद कि च न का दरवा जा बंद किया करो ?	ఇంట లోకి వచచి న తరవాత మళళీ వ ంట గ ది తలు పు వే య మని ఎ నని సా రలు చెపప ాలి ?	0.6204
- पलीज , सर . - . . . तुम पर आ धा रि त है ?	- పలీజ , సర . - . . . నీ గురి ంచా ?	0.7033
वह सप ना जि से देख ने की तुम हि म मत करो	నువవు అ ంది పు చచు కో వాల ను కునే కల	0.5640
- कया हम जलदी चल सकते हैं ? - समझ गया .	- కా సత వే గ ంగా వెళ తా వా ? - అలాగే .	0.5608
और , मतलब , अरे , देखो मुझे सबसे अचछी , साल की बेह तरी न कर म चा री	అంటే , ఒక సారి ననను చూడ ండి , ఈ ఏ డా ది అ తి గొపప ఉద యో గి	0.6498
तुमने अपनी भा ं जी से जिस का ब हि ष कार करवा ने को कहा .	ఎవరి జీవి తా నని అయితే నా శ నం చేయ మని మే న కో డ లి కి చెపపా వో వాడు .	0.5559
तुम करते हो त माम काम - धा म उनहें बदल ने के लिए	ఒక వెధ వని ప టటి పీ డి ంచి వారి ని మంచి వయకతి గా మా రచు తా ము	0.5523
- हो सकता है उससे वो ट मिल जाएँ . - हो सकता है ना मिल ें .	- ఓ టలు బాగా తీసుకు రా గల ఫో టో . - అలా కా కపో వచచు .	0.6248
तुम करते हो त माम काम - धा म उनहें बदल ने के लिए	ఒక వెధ వని ప టటి పీ డి ంచి వారి ని మంచి వయకతి గా మా రచు తా ము	0.5523
मार ली जी , मार ली जी !	మార లె - గా రు , మార లె - గా రు !	0.4072
अपने दो बच चों के साथ मस ती कर रहा हूँ जिन के नाम का पह ला अ कष र एक ही है .	నా ఇదద రు పిలల లతో ఇంటి పె ర డు లో కలిసి ఆ డు కు ంట ూ గ డు పు తా నే మో .	0.6706
बस एक सप ना लिए जो मेरे दिमाग में घ ू म ता रह ता है	నా మన సు లో ఒక ే ఒకక కల తో ని దర లే సతు ంటా ను	0.6106
यह ज ं जी र जो मैंने अपने जी वन में ग ढ ी है , वह मेरी अपनी मर जी से बं धी है .	నేను పరా ణ ాలు పో సి స ృష టి ంచిన ఈ చె ను నా సం కల ప ంతో న డు సతుంది .	0.6488
ठीक है , तुम सही हो .	సరే , నువవు అనన ది నిజ మే .	0.5423
यह तुमहारे लिए है . हाँ .	అది నీ కో స మే . అవును .	0.5810
- एक परिवार जो मेरा हो सकता था . - शुकरिया , म ममी .	- నా చే జా రి పోయి న కుటుం బం . - థాంక స , అమమా .	0.5911
अगर बहुत जयादा बार बो लो , तो उसकी मह त ता कम . . .	నువవు అనని సా రలు చెప తే , విన డానికి . . .	0.5718
वे हमें पर भा व शा ली दिखा ने के लिए बहुत मे ह न त करते हैं .	మాకు మంచి పేరు తీసుకు రా వడానికి వీ రు ఎ ంతో కష ట పడి పని చే సతు ంటా రు .	0.5992
रा र . . . मुझे नहीं पता . मैं कोई अचछा सा " र " वाला नाम सोच ल ूँगा .	రా . . . ఏ మో . " రా " తో ఉండే ఒక మంచి పేరు ను ఆలోచి ంచాలి .	0.6621
मैं तुमहारे व रत मान के करि समस का भ ूत हूँ .	నేను నీ ఘ ో సట ఆ ఫ కరి సమ స పర జె ంట ని .	0.6268
- देखो , मैं . . . - वह 1 1 साल का था .	- చూడు , నేను . . . - వాడి కి అపపుడు 1 1 ఏ ళళు .	0.7108
शायद हम भूल नहीं गए कि सही कया है	బహుశా ఇంకా నా లో నా మన సా కషి పని చే సతు ందే మో	0.4473
चलो इस ट ूर को यहीं खतम करते हैं , ठीक है ?	కా సత ననను వెంట నే వెన కకి పం పు తా వా ?	0.5985
- मैं जरा सा तर ो ता जा होना पसंद . . . - न हा ना ? अभी ?	- కొంచెం స నా నం చేసి వ సతే బాగు ంటు ందని . . . - స నా న మా ? ఇ పపు డా ?	0.6269
मतलब , जि तना कि कोई भी क लि ंट का दोसत बन सकता है .	అంటే , కలి ంట తో ఎవరెనా ఎంత వర కు ఫ రెండ గా ఉండ గల రో అంత వర కే .	0.5764
- तुम . . . तुमने कया देखा ? - कुछ नहीं . सब ठीक है .	- నువవు . . . నువవు ఏం చూ సా వు ? - ఏమీ లేదు . అంతా బాగానే ఉంది .	0.6582
हर एक अ व सर पर चु नो किसी दूसरे इंसान की मदद करना	పర తీ అవకా శ ంతో తో టి వయకతి కి మంచి చేయ ాల నే నిరణ యం తీసుకో వాలి	0.5351
हर एक अ व सर पर चु नो किसी दूसरे इंसान की मदद करना	పర తీ అవకా శ ంతో తో టి వయకతి కి మంచి చేయ ాల నే నిరణ యం తీసుకో వాలి	0.5351
मुझे दो ध र ती पर शा ं ति कु ँ वा री से जन मा बच चा	ఈ భ ూ మి పె నాకు కొంచెం సథ ల ం ఇవవ ండి క న య క పర స వి ంచ డానికి	0.6174
- कया ? - जानती हूँ .	- ఏంటి ? - నిజ మే .	0.5505
आप मुझे नौ करी से निकाल ने वाले हैं ?	మీరు నా ఉద యో గం తీ సే సతుననా రా ?	0.5858
- मेरा हाथ पक डो . - हम यह कर रहे हैं ?	- నా చేయి పటటు కో . - తపప ద ంటా వా ?	0.6182
देखा ? एक दोसत .	చూశా వా ? నా ఫ రెండ .	0.4223
यहाँ . यहाँ है .	ఇ దు గో . ఇకకడ ఉంది .	0.4373
माफ करना , बच चों . मैं चि ल ला ना नहीं चाहता था . ठीक है ?	కషమి ంచాలి , పిలల లు . కా వాలని అర వ లేదు . సరేనా ?	0.5501
नए भर ती भ ूत ों , मैं जानती हूँ तुम हा ल ही में म रे हो , लेकिन थोडी जि ंदा दि ली दिखा ओ .	కొతత గా చే రి న వారు , మీరు ఈ మధయ నే మ రణ ి ంచా రని మాకు తెలుసు , కానీ కా సత ఉ త తే జ ంగా ఉండ డానికి పరయతని ంచండి .	0.6205
अपनी भ ू मि का नि भा रहे हैं , मन बदल रहे हैं एक - एक करके	మా కర త వయా నని నిర వర తి ంచి , ఒకక ొ కక టి గా మను ష ు ల మన సు లను మా రచు తుననాం	0.6111
- बहुत बढिया . बहुत अचछा है , है ना ? - ठीक है . अरे . कया हो रहा है ?	- భలే ఉంది . భలే ఉంది , కదా ? - సరే . హేయ . ఏం జరుగు తోంది ?	0.6496
अपनी भ ू मि का नि भा रहे हैं मन बदल रहे हैं , एक - एक करके	మా కర త వయా నని నిర వర తి ంచి , ఒకక ొ కక టి గా మను ష ు ల మన సు లను మా రచు తుననాం	0.6111
जब तक तुम मुझे अपने बारे में कुछ नहीं बताओ गे .	నేను నీ ఈ చెతత క చే రీ లో పాల గొ నే ది లేదు .	0.5927
- शुकरिया . तुमहें कया चाहिए ? - म ॉ ड ल सै ं टा जैसे .	- థాంక స . నీకు ఏం కావాలి ? - జి క యూ శా ంటా .	0.6479
- नहीं . - कॉ क टे ल पी नी है ?	- నాకు వదదు . - నె గ రో ని కా వ ాలా ?	0.6182
इससे पहले कि बहुत देर हो जाए	సమయం ఇంకా పూరతి కా క ము ందే	0.5290
- अचछा ? - हाँ , जानता हूँ .	- అవునా ? - అవును , నాకు తెలుసు .	0.5404
कया मे ज पर भ ु ना हुआ माँ स है ?	టే బు ల మీద ఉనన ది మా ం సమా ?	0.6193
- वह प ौ ंड या वह है श ट ै ग वाला चि न ह , है ना ? - हाँ . हाँ , मैं बता रहा हूँ ,	- ప ౌ ండ లేదా హా ష టా గ వాడు తు ంటా రు ? - అవును . చెప తుననాను కదా ,	0.6419
मैं भूल गया था कि अपने हाथ के बारे में ऐसा महसूस करना कैसा लगता है .	నా చే తి కి ఇలా ంటి ఫీ లి ంగ ఎలా ఉ ంటు ందో నేను కూడా మర చి పోయా .	0.5810
मुझे लगा था कि मैं तुमहें बदल पा ऊँ गी , लेकिन सिरफ बेवकूफ ऐसा सोच ते हैं . अ ल वि दा .	నేను నినను మా రచ గలను అను కుననాను , వె ర రి దాని లా ఆలోచి ంచా . ఇక ఉంటా ను .	0.6210
तो , शायद आप मेरी मदद कर सकते हैं . कुछ भी .	మీరు నాకు ఏమెనా సహా యం చేయ గల రే మో అడుగు దాం అని వచచా .	0.5674
धयान ख ी ं च ने वाली वि न मर ता के साथ . है रा नी की बात है .	అది కూడా గొపప లు చెపపు కు ంట ూ . షా కి ంగ విషయం .	0.6061
ठीक है , मैं नहीं समझ ती . तुम किसी को अपने से आगे रख पा ने में अ सक ष म हो	నాకు అరథం కా వడం లేదు . నువవు నీ గురించి తపప ఇం కొ కరి గురించి ఆలోచి ంచడం చే త కా ని వాడి వి ,	0.5995
सब कुछ बेहद खु शन ुम ा है	ఎ టు చూ సి నా సంతోష మే	0.5026
हो वर बो र ड ?	హో వర బో ర డు ?	0.4971
- मेरे भी आ ते हैं . - हाँ . यह उसके लिए अचछा है ,	- నాకు కూడా . - సరే , అది వాడి కి మంచి దే ,	0.6297
हे भगवान .	ఓ రి దేవుడా .	0.3809
हे भगवान !	ఓహ , దేవుడా !	0.3868
तुमहारी जिंदगी की कहानी वह सच जि से सुन ने से तुम डर ते हो	నీ జీవి త గా థ నువవు విన డానికి భయ పడు తునన ఆ నిజం	0.5689
वह पह ला बचा व जो मैंने किया ?	మొదటి సారి ఎలా అనిపి ంచి ందో చెపప నా ?	0.4341
गु ड आ फ टर न ून	ఇక ఉంటా ను	0.3521
गु ड आ फ टर न ून	ఇక ఉంటా ను	0.3521
गु ड आ फ टर न ून	ఇక ఉంటా ను	0.3521
गु ड आ फ टर न ून	ఇక ఉంటా ను	0.3521
गु ड आ फ टर न ून	ఇక ఉంటా ను	0.3521
गु ड आ फ टर न ून	ఇక ఉంటా ను	0.3521
अब हम वापस मि सटर ब रि ग स और मु ज रि म पर आ गए हैं .	ఇపపుడు మనం ననను మి సటర బ రి గ స అ ంట ూ నే ర సతు డి గా చూ సతుననా వు .	0.5952
सा ले . . .	చెతత నా . . .	0.6411
- लॉ बी में एक ड ब बा र खा है , ठीक है ? - हाँ , उसे दा न कर दो .	- కరి ంద లా బీ దగగర ఒక డబ బా ఉంది , అందు లో వె య , సరేనా ? - అవును , ఇ చ చేసే య .	0.6946
त भी मुझे पता चले गा	అ పపుడే నాకు తెలు సతుంది	0.4898
कि तुमने अपनी पूरी कोशिश की	నాకు వీ లెన ంత గా నేను పరయతని ంచా అని	0.4725
ठीक है , जो भी मुझे फि ल मा रहा है , मैं पर भा वि त हुआ .	సరే , ననను వీ డి యో తీ సే వారు ఎవరెనా సరే , మీ ఏ ర పా టలు భలే ఉననాయి .	0.6030
" अ करि समस कै र ल " की तरह ? डि क ें स की कहानी ?	అంటే , కరి సమ స కే ర ల పా ట లా గా ? డి కె నస సట ో రీ న వల లా గా ?	0.5836
बढिया . तुम वै सी नहीं हो जै सी मैं उममीद कर रहा था .	మంచిది . మీరు నేను అను కునన టటు అస స లు లే రు .	0.6004
अरे , नहीं . मुझे यकीन है तुमहें कुछ बडा करना पडे गा	ఓహ , లేదు . నువవు వి మో చి ం ప శ క యం కా ని వాడిని	0.6116
देखो , यार . मैं बस उ ँ ग ली दिखा ने वाला बं दा बन ते - बन ते थ क गया हूँ .	ఇలా చూడు , బా బు . వ సతు వు ల వెపు వే లు పె టటి చూపి ంచే వాడి గా ఉండ డం ఇక నా వలల కాదు .	0.6695
ठीक है , हाँ . तुम बहुत कमी ने थे .	సరే , అరథ మెంది . నువవు చాలా పెదద వెధవ వి .	0.5862
- अचछा . ठीक है . - हाँ . दा य ी ं तरफ ?	- సరే . అలాగే . - అవును , అంతే . కు డి వెపు కా ?	0.6427
और किसी की भी हों ठ के ऊपर और साथ ही मा थे पर म ूँ छ नहीं हो नी चाहिए .	ఎవ డ ూ మూ తి మీద , అలాగే న ొ స టి మీద నీ లా మీ స ాలు పె ంచుకో డు .	0.6343
हाँ . किसी कै ने डि यन को बिना द सता ने पह ने देखना अजीब है .	అవును . చే తు లకు తొ డుగు లు లే కుండా కె నె డి యన లను చూ సతే వి ంత గా ఉంటుంది .	0.6094
मैं रि सर च करती रह सकती हूँ छु पी जानकारी ढूँढ सकती हूँ	ఇలా గే పర తయ రథ ు ల పె నే ర ాలు మో పు తూ ఉండ ొ చచు వారి పె బు ర ద జ లలు తూ గ డ ప గలను	0.5567
- यह मुझे देख सकता है . तुम मुझे देख सकते हो . - हाँ , यह देख सकता है .	- ఈ యన ననను చూడ గల డు . నువవు ననను చూడ గల వు . - అవును , నిజ మే .	0.5929
यह सब . मर ने के बाद का जी वन .	ఇ దంతా . మ రణ ా ంత ర జీవితం .	0.5842
क य . . . माफ करना , कया ?	ఏం . . . కషమి ంచాలి , ఏమ ననా రు ?	0.6120
बस एक करि समस की सु बह के ए ह सा स से जयादा के लिए बना हूँ ?	గ డ ప డం కంటే ముఖ య మెన పని ఏమెనా చేయ ాల సి ఉ ందే మో ?	0.6144
या मुझे बस गलत फ हम ी है ?	లేక గర వ ంతో వి ర ర వీ గు తుననా నా ?	0.5520
जब मैं बच चा था , यह चीज . . .	నా చినన పపుడు , ఇది . . .	0.6045
धयान से सुनो , ए बे नी जर .	నేను చెపపే ది వి ను , ఎ బి నే జర .	0.5818
संभा वना ओं के बारे में सोच ो .	అవకా శ ాలను పరి గ ణి ంచండి .	0.5328
वह और त ब नी थी हर दिल में अचछा ई देख ने के लिए	అంద రి లో మంచి ని మాతరమే చూ సే ఆ అమమాయి	0.5515
तुमहारी तरह ? वह तुमहारे लिए कैसा चल रहा है ?	నీ లా గా ? నీ పని ఎలా సా గు తుంది చెపపు ?	0.5216
अपने चे ह रे पर ऐसे त यो रि या ँ च ढ ा ए हुए	మొ హం మా డ చు కొ ని , నవ వు లే కుండా కూ రచ ొ ని ఉననావు	0.6263
तुम दोबारा लि ख सकते हो अपनी जिंदगी की कहानी	నువవు నీ జీవి త గా థ ని తిరిగి రా య గల వు	0.5027
ठीक है . नहीं , इतना काफी है . एक और श बद नहीं .	సరే . లేదు , ఇక చ ాలు . ఇం కే ం మాటలాడ కు .	0.5936
तुम अपना समय बर बाद कर रहे हो , जे कब .	నువవు నీ సమ యానని వ ృ ధా చేసు కుంటుననా వు , జే క బ .	0.5491
उसने कर दिखा या . वह यहाँ से अ ध य कष जै सी लग रही है .	తను సా ధి ంచింది . తను ఇ కకడి నుండి చూ సతు ంటే పర ె సి డె ంట లా ఉంది .	0.5974
अपने परिवार ों के साथ इ कट ठ े मिल कर	మీ కుటుం బ ాల తో ఇకకడికి రండి	0.5042
- करी ब सा ढ े तीन हफ ते . - साल .	- దా దా పు గా మూ డు నన ర వార ాలు . - ఏ ళళు .	0.6278
हाँ , तुम आज मा कर कयों नहीं देख ते ?	మరి నువవు ట రె చేయ ొ చచు కదా ?	0.5420
यहाँ एक बच चा है .	ఒక బి డ డ ఉంది .	0.5084
कया मुझे एक मिल सकता है ? तुमहारे रि टा यर में ट से उनका कया मतलब है ?	నేను ఇది తీసుకో వచచా ? నీ రి టె ర మె ంట ప యా కే జి అంటే ఏంటి ?	0.5982
- नहीं . पया रा बच चा था . बै सा ख ी थी . - नहीं .	- కాదు . వాడు మంచి కు ర రా డు . ఒక క ాలు బా గో దు . - లేదు .	0.6281
तुम जानते हो .	నీకు తెలుసు కదా .	0.4352
तो , तुम छा तर परि ष द के अ ध य कष का चु ना व कयों लड ना चाहती हो ?	సరే , నీకు వి ద యా రథ ు ల క ౌ న సి ల పర ె సి డె ంట పద వి కి ఎందుకు పో టీ చేయ ాలని ఉంది ?	0.6307
तुम या तो न क ली बन सकते हो जैसे उनके पे ड हैं	వాళళు అమ మే చె ట లలా గా మీరు కూడా న కి లీ భా వ నని చూపి ంచ వచచు	0.5896
वह एक मह त व पू रण प ल होता है जिस का साम ना किया जाना चाहिए	ఒక వయకతి లో నిజ మెన మార పు చో టు చేసుకో వాలి అంటే	0.5272
- तो अब लोग बदल ते हैं ? - नहीं , मुझे नहीं पता .	- అంటే నా విషయం లో మను ష ు లు మార తా రా ? - లేదు , నాకు తెలీదు .	0.5869
या मेरा मन पसंद , " इस करि समस तुम तो गए , ना ला य क . "	అలాగే నాకు బాగా న చచి ంది . " నినను కరి సమ స ఫ ూ ల చేశా ం , వెధ వా . "	0.6219
ओह , छोड ो भी . मैंने देखा है तुम उसे कै सी नजर ों से देख ते हो .	ఓహ , ఊ రు కో . నువవు ఆమె ను చూ సే వి ధా నం నాకు తెలుసు .	0.6389
तुम चल ते - फिर ते प ों छे .	ప నికి మ ాలి న వెధ వా .	0.5552
तुम जल द ही देखो गे	తవర లోనే నువవు చూ సతా వు	0.4705
अगर तुम मु ँ ह बंद करके मुझे खतम करने दो , तुम शायद समझ पा ओ गे . . .	కా సత నా పా ట ను పూరతి చేయ ని సతే నీకు అరథం అవ వ ొ చచు . . .	0.6624
और उसने पो सट कर दिया .	అది పో సట చేసి ంది .	0.4596
अरे , इस बं दे को देखो !	హేయ , వీ డిని చూడు !	0.5389
और तुम बदल जाओ गे .	అపపుడు నువవు మార వచచు .	0.4263
तो चलो कुछ बडा करके दिखा एँ माफ ी माँ ग ें , अन ुम ति नहीं	అయితే ఇంకా క ఠ ి న మెన వారి ని మా రచు దాం కష మా ప ణ అడుగు దాం , అను మ తి కాదు	0.5998
- या म ई का कोई भी दिन - या म ई का कोई दिन	- లేదా వే రే మా ము లు రోజు ఏదెనా - మా ము లు రోజు ఏదెనా	0.4419
हम बस अभी ही यहाँ थे .	మనం ఇం దా కే ఇకకడికి వచచా ము .	0.4827
यह मै न है ट टन की उन जा दु ई रात ों में से एक है	" మా న హా టన " రాతరి అనే పద ంలో ని మా య ని చూపి ంచే ది ఈ ద ృ శ య మే	0.6288
तो थोडी अचछा ई फै ला ने की कोशिश करो शायद थोडा और बा ँ टो	కాబటటి కొంచెం మంచి చె య ఇ తరు ల కోసం పాటు పడు	0.5404
जी - जान लगा दो कयोंकि अब यह पता लगा ने का समय आ गया है	పూరతి శ కతి తో ఒ డ డ ాలి అ పపుడే మనకు తెలు సతుంది	0.5702
मेरी बात सु नि ए , आप जैसे ही वह श बद ट वी ट करेंगे ,	నా మాట విన ండి , మీరు ఆ ప దానని ట వి టట ర లో పో సట చేసిన వెంట నే ,	0.6246
- तुम ठीक हो ? - तुम बात करने की कोशिश कर रहे हो ?	- నువవు బాగానే ఉననా వా ? - నువవు మాటలాడ టానికి పరయతని సతుననా వా ?	0.5164
कया मैं बेहतर बन सकता हूँ	నేను ఒక మె రు గె న వయకతి గా ఉండ గల నా	0.4819
मुझे जाना होगा , कोशिश करनी होगी	నేను వెళళ ాలి , పరయతని ంచాలి	0.4240
मैं इस सब के लिए तैयार नहीं हूँ .	నేను దీ నికి సిదధ ంగా లేను .	0.4729
कया होगा अगर उसने पो सट कर दिया ?	ఆమె పో సట చే సతే ఏమ వు తుంది ?	0.5386
कया मान व जा ति जयादा मान वी य हो रही है ?	మా నవ జా తి ఎంత బాగు పడి ంది ఏంటి ?	0.4987
कह रहे हैं आज रात बर फ गि रे गी .	ఇ వాళ రాతరి మ ంచు పడు తుంది అని అననా రు .	0.5464
- हाँ . - मतलब , तुम वह जैसे करते हो ,	- అవును . - అంటే , ఆ పని ని నువవు చేసే వి ధా నం ,	0.5803
बेहतर होगा कि सा री क ड वाह ट को अंदर द बा कर मत रख ो	నీ లో ఉనన ఆ ని రా శ ను అలా పె రిగి పో నివ వ కు	0.5357
क लि ंट , तुमने कै री से वा दा किया था कि अगर रे न को कभी किसी चीज की जरूरत प डी , तो तुम उसकी मदद करो गे .	కలి ంట , రెన కి ఎపపుడ ెనా సహా యం అవ సర మె తే నువవు సహా యం చేసతా నని క యా రీ కి మాట ఇ చచా వు .	0.6370
अब , लोग कभी बदल ते नहीं हैं . लेकिन कया तुम जानते हो ?	సరే , జ నం ఎ పపటి కీ మార రు . కానీ ఒకటి తెలుసా ?	0.6189
बस साफ बता द ें , तुम हमें कभी पसंद नहीं थे	నీకు ఒకటి చెపప ాలి , మాకు నువవు మొదటి నుండి న చచ నే లేదు	0.5264
- वे ह ॉ ट डॉ ग बे च ते हैं , लेकिन , मेरा मतलब , वह . . . - ठीक है .	- అకకడ కార న డా గ స అమ ము తారు , కానీ అది . . . - సరే .	0.7085
हम त यो हार की स द भा वना की च म क में मत वाले हो रहे हैं	మాకు సె ల వు లేక పోయి నా సంతోష ంగా ఉంటా ం స ద భా వ న తో వచచి న సంతోష ం అది	0.5957
हम त यो हार की स द भा वना की च म क में मत वाले हो रहे हैं	మాకు సె ల వు లేక పోయి నా సంతోష ంగా ఉంటా ం స ద భా వ న తో వచచి న సంతోష ం అది	0.5957
अचछा . खैर , देखो , उ ँ ग ली दिखा ने को कम नहीं समझ ना चाहिए .	సరే . అంటే , ఇలా చూడు , వే లు ఎ కకు పె టటి చూపి ంచడం అంత ఆ షా మా ష ీ పని కాదు .	0.6535
न क ली करि समस ट री से रा सा य निक ह वा निकल ने वाली वह अफ वाह .	క ృ త రి మ కరి సమ స చె టల నుండి హా ని కర ర సా య నాలు వ సతా య నన పు కారు ఉంది చూడు .	0.6232
सच में , म . . . मैं . . . मैं नो रा के लिए वा कई खुश हूँ .	నిజం చెపప ాల ంటే , నే . . . నేను . . . నో రా విషయం లో నాకు సంతోష ంగా ఉంది .	0.6700
मैं ?	నే నా ?	0.3417
मुझे यहाँ और जयादा बद ला व ला ना है	నేను ఇకకడ మరి ంత మార పు తీసుకు రా వాల సి ఉంది	0.5314
और कया मैंने अपनी पूरी कोशिश की है ?	పూరతి శ కతి తో శ ర మి ంచి చూశా నా ?	0.5164
- वै ं कू वर में एक फै ं सी हो ट ल चला ता है . - अ ह - ह ँ ?	- వా న కూ వర లో ఒక ఫ యా నస ీ హో టల ని మే నే జ చే సతు ంటా డు . - ఆ హ - హా ?	0.7301
मैं वा कई बहुत मो टी फी स ले ता हूँ ,	నేను చాలా పెదద మొతత ంలో ఫీ జు తీసు కుంటా ను ,	0.5510
मार च	మార చి	0.2955
जु ला ई	జు లె	0.3990
अग सत	ఆ గ సట ు	0.3905
वह शा ली न और आ शा वा दी यु व ती जो तुम होती थी	ఎ నన ో ఆ శ లు పెటటు కునన మంచి అమమాయి ఒక పపటి ఆ చినన పిలల	0.5512
जब तुमहारे मा ता - पिता	ఇ లలు లేని వారి తో	0.4313
नहीं , यह कोई सप ना नहीं है	కాదు , ఇది నీ కల కాదు	0.4508
तुमहारा अ ती त , तुमहारा व रत मान और तुमहारा भ वि ष य	నీ గ తం , నీ వర త మా నం అలాగే నీ భ విష యత తు	0.5295
- जी , सर . - मैं बता ऊँ ?	- అలాగే , సర . - ఒకటి చెపప నా ?	0.6155
- तुमहारे पास थोडा समय है ? - हाँ . कया हुआ ?	- ఒక కష ణం మాటలాడ ొ చచా ? - సరే . ఏంటి ?	0.6453
जरूर .	సరే .	0.3718
कया ?	ఏంటి ?	0.3091
नहीं . असल में , नहीं .	లేదు . నాకు సంతోష ంగా లేదు .	0.3644
यह मेरे बारे में नहीं है .	ఇది నా గురించి కాదు .	0.4942
कोई उसका श रे य नहीं दे ता है , है ना ? लोगों में विश वास करने और उनहें उनकी	దీ నికి ననను ఎవ డ ూ మె చచు కో డు , కదా ? ఒక రి మీద నమమ కం పెటటా ను .	0.6369
- और तुम बस . . . - कया तुमहें उन लोगों के जिंदगी में	- కానీ నువవు . . . - మీరు ఇలా జ నం జీవి త ాల లో	0.6540
हाँ ?	ఏంటి ?	0.3426
- कया है , लड के ? - हाँ .	- ఏం కావాలి , బా బు ? - అవును .	0.6032
माफ करना . आ ख िर में कया वजह थी ?	కషమి ంచాలి . ఎలా జరిగింది ?	0.4165
- सच में ? - बहुत ही स जी व तरह से .	- అవునా ? - చాలా పెదద భ ూ తు .	0.6060
चलो भी . वह तुमहारे हों ठ ों पर ही है .	కా నివ వు . నీకు చెపప ాలని ఉంది .	0.5628
और मैडम . . .	అలాగే మే డం . . .	0.5332
तुमहें यह सब कैसे पता था ?	ఇ దంతా నీ కె లా తెలుసు ?	0.4830
बढिया . अपना काम करो .	మంచిది . అయితే నీ పని చె య .	0.3959
तुम बहुत पया री लग रही हो .	నువవు అంద ంగా ఉననావు .	0.4474
मुझे भी .	నాకు కూడా .	0.4343
- उनहें खो लो . - है ना ?	- చి ం పే య . - సరేనా ?	0.6013
यह बढिया है .	ఇది మంచి విషయం .	0.4280
- हाँ . - माफ करना .	- సరే . - ననను కషమించు .	0.5561
चलो भी , यार .	ఊ రు కో , పెదద ో డా .	0.4342
- ओह , भगवान . - ठीक है .	- ఓహ , అమమా . - సరే .	0.6312
- हाँ , मैं तुमहें देख सकता हूँ . - मेरे खया ल से यह तुमहें बहुत अचछे से देख सकता है .	- అవును , నేను నినను చూడ గలను . - నినను బాగా చూడ గల డు అనే అనుకుంటుననా .	0.5356
कया ?	ఏంటి ?	0.3091
कया हुआ ? खु ज ली हो रही है ?	ఏ మెంది ? దు ర ద గా ఉందా ?	0.5626
टा इ गर स का घर	హో మ ఆ ఫ ది టె గర స	0.4825
वहाँ है .	అకకడ ఉంది .	0.3667
तुम . . .	నువవు . . .	0.5798
हाँ .	సూ పర !	0.2264
नहीं , मैं समझ ता हूँ , सच में .	లేదు , నేను అరథం చేసుకో గలను , నిజంగా .	0.4762
रुको .	ఆగు .	0.3775
ताकि पर धा न म ंत री वाले मु द दे पर बात की जा स के .	నె తి క త తో మీ టి ంగ ఏ ర పాటు చేయ మని చెపపు .	0.6205
हैलो .	హాయ .	0.3775
ओह , हाँ .	ఓహ , అవును .	0.4562
दुनिया में दुनिया भर का बद ला व ला रहे हैं	ఈ పరప ంచా నికి ఎ ంతో మంచి చేసతుననా ం	0.4762
रु कि ए , बा य ी ं तरफ मत देख िए , नजर ें मुझ पर रख िए .	ఆ గ ండి , ఎడ మ వెపు చూడ క ండి , నన నే చూడ ండి .	0.6180
कि वह स मु द री जी व वि ज ञ ा न में स ना त को त तर की पढ ा ई कर रहा है और मैंने उसके पैसे देने में मदद की है .	మె రీ న బయ ాల జీ లో మా సటర డి గర ీ పొ ంద బో తుననా డు , దానికి నేను ఆ రథ ి క సహా యం చేసతుననా .	0.6704
कयोंकि तुमहें डर है मैं इन पै ं तर ों से कया कर सकता हूँ जिन हें तुम इतना तु चछ समझ ते हो .	నినను తరవాత ఏం చేసతా నో అనన భయ ంతో నువవు ఆ ఒ పప ందా నని ప కక న పెటట ే సతా వు .	0.6232
वह शायद उसे पो सट नहीं करे गी कयोंकि वह मेरी बहन जै सी है . . .	అది నా అ కక కి పు టటి న పిలల , కాబటటి బహుశా అది ఆ వీ డి యో ని పో సట చేయ కపో వచచు . . .	0.6099
- हाँ , यह बिलकुल . . . नहीं , यह ठीक है . - नहीं . यह ठीक है .	- అవును , అతను క చచితంగా . . . లేదు , బాగానే ఉననాడు . - లేదు . బాగానే ఉననాడు .	0.5732
- हैलो , चार ली . कया चल रहा है ? - हैलो . सबसे पहले , तुम क माल के लग रहे हो .	- హేయ , చా ర లీ . ఏంటి సంగ తి ? - హేయ . ముందు గా నీ లు క భలే ఉంది .	0.6673
तो यह तुमहें देख सकती है . कया यह इस सब के बारे में जानती है ?	అంటే తను నినను చూడ గల దు . ఆమె కు ఇ దంతా ఎలా తెలుసు ?	0.5965
ठीक है , मैंने इसे बहुत टा ल दिया , लेकिन . . .	సరే , నేను ఇ పపటి కే చాలా రోజు లు స హి ంచి చూ సా ను , కానీ . . .	0.6365
व हीं तुम हमेशा से मेरे बारे में गलत रही हो .	నువవు అలా అను కొ నే ఇ ననా ళ లూ నా గురించి తపపు గా భా వి ంచా వు .	0.5407
- ओह , हाँ ! ओह , यह शान दार है . - ठीक है . यह लो . बस हो गया .	- ఓహ , అంతే ! ఓహ , భలే ఉంది . - సరే . అంతే . అలాగే .	0.6294
मैं एक बचचे के लिए वि रो धी प कष की जा ँच कर रही हूँ .	నేను ఒక చినన పి లలా డి పె బు ర ద చ లలు తుననాను .	0.6107
सच में , तुम गलत समझ रहे हो . मैं बस . . .	నిజంగా , మీరు తపపు గా అనుకుంటుననా రు . నేను ఇంకా . . .	0.5197
दोसत ों , तुम लोग मेरा बाकी का गा ना सुन ना चाहते हो ?	ఫ రెండ స , నా పా ట మి గ తా భా గం వి నా లని లేదా ?	0.5479
तुमने ग ैर - परति स पर धी समझ ौ ता किया है .	పో టీ పడ ను అని నువవు ఒ పప ంద ం మీద స ంత కం చేసా వు .	0.6222
कि उसे अपने अ ती त में घ ुम ा ने ले जाओ ?	అద ంతా వాడి కి చూపి ంచడం మంచి ఐ డి యా అను కుననా వా ?	0.5711
तो यह मेरे जैसे किसी के साथ कयों आ ना चाह े गी ?	మరి నా లాంటి వాడి తో ఈ మె ఎందుకు ఉంది ?	0.5577
तुमहें कुछ अचछा मिल गया , है ना ?	నువవు ఒక కీ ల క విష యానని కని పెటటా వు , కదా ?	0.5481
- यह पागल प न है . - मुझे नहीं लगता .	- ఇది నమమ శ క య ంగా లేదు . - నేను అలా అనుకో ను .	0.6218
ठीक है , मैं पिता जैसा नहीं हूँ .	సరే , నేను పిలల లని చూ సుకో గల ర కా నని కాదు .	0.5279
थोडी अचछा ई फै ला ओ , थोडा और बा ँ टो	కొంచెం మంచి చె య , మరి కా సత స హ కా రం అ ంది ంచు	0.5524
तो तुमहारा बि ज ने स बन जाए दम दार तुम बे चो एक पे ड से बढ कर	అలా చేసిన పపుడు , మీ నుండి జ నం చె ట లను కాదు , మీరు అమ మే వి లు వ లను కొ ంటా రు	0.6034
- इस उममीद में कि हम उसे बदल पा एँ . . . - मजाक कर रहे हो .	- అత నని మె రు గె న వయకతి గా మా రచ ాల నే ఉద దే శ ంతో . . . - నువవు జో క చేసతుననా వు .	0.6580
ठीक है . मैं जानती हूँ यह सुन ने में अजीब लगे गा , लेकिन यकीन मान ो ,	సరే . ఇది విన డానికి వి ంత గా ఉండ ొ చచు , కానీ ననను నమ ము ,	0.6193
- तुमहें एक नजर डाल ने में कोई ऐ त राज होगा ? - नहीं , बिलकुल भी नहीं .	- కొంచెం దీని ని ఒక సారి చూ సతా వా ? - లేదు , అదే ం పర లేదు .	0.6084
और कोई अ छ ू ता नहीं ब चे गा	దీని నుండి ఎవరూ తపప ి ంచుకో లే రు	0.5090
- खुश होने के लिए वह जा दु ई मि जा ज - है बेहद जरू री	- సంతోష ంగా గ డి పే అను భ వం మాకు తపప ని సరి అవసరం - క చచితంగా అవసరం	0.6041
मैंने न हा ने के समय कुछ जयादा ही पा नी इस ते माल कर लिया .	నేను స నా నం చేసే ట పపుడు చాలా నీ ళలు వా డే సా ను .	0.5888
आत मा ओं , सब इ कट ठ े हो जाओ !	ఆ తమ ల రా , అందరూ రండి !	0.6039
वा कई ? कौन सा पर ॉ जे कट है ?	నిజంగా ? ఏ పరా జె క టు ?	0.5563
मैंने कोई झ ू ठा . . .	నేను ఎవరి నీ అ ప కీ ర తి . . .	0.5892
- मुझे पता नहीं . - ठीक है .	- నాకు తెలీదు . - సరే .	0.5890
इस अ व सा द से उ बर ने के लिए तुमहें ठीक इसकी ही जरूरत है .	తిరిగి నీ ఉ త సా హా నని పొ ందు కో వడానికి నీకు అలా ంటి వా డె తే నే సరి పో తుంది .	0.5573
उस मिल से अभी भी अचछा मु ना फा आ सकता है , सर .	ఆ మి లలు పె లా భ ం బాగానే వ సతుంది , సర .	0.6045
- थोडी श रा फ त बाकी है - श रा फ त बाकी है	- లోప ల కొంచెం మంచి ఉంటుంది - అకకడ కక డా ఉంటుంది	0.5222
जिस तरह तुमने " स वर गवा सी " पर जो र दिया . मुझे तुम पर गर व है .	" చని పోయి న " విష యానని భలే ఒ తతి మాటలా డా వు . సూ పర .	0.6212
हाँ . जरूर . हाँ .	సరే . అలాగే . మంచిది .	0.5106
आपको शर म आ नी चाहिए , सर . एक बचचे से ऐसी बातें बोल रहे हैं .	సి గ గు ండ ాలి , సర . పి లలా డి తో అలా మాటలాడు తుననారు .	0.6056
तुम रि टा यर होना कयों चाहते हो ?	నీకు రి టె ర అవ వాలని ఎందుకు అనిపి ంచింది ?	0.5015
तुमहें यकीन है ?	క చచితంగా అ ంటుననా వా ?	0.4489
अब , कृपया , अब अगर तुम मुझे बस पूरा कर ले ने दो . बैठ ो .	ఇక దయచేసి నా పా ట ని పూరతి చేయ నివ వు . కూ రచ ో .	0.6376
- जे कब , मैं बस कोशिश कर रहा था . . . - यो जना के अनु सा र !	- జే క బ , నేను కేవలం . . . - స కరి ప ట లో ఉండాలి !	0.6891
- मुझे उसकी सा री फि ल में पसंद हैं . - मुझे उसकी " च ॉ क ले ट " बहुत अचछी लगी .	- ఆమె న టి ంచిన సి ని మ ాలు అనని టి లో నాకు చాలా ఇషటం . - ఆమె చా క లెట సి ని మ ాలో నాకు భలే న చచి ంది .	0.6201
ओ ये ! रा स ते से ह टो , बेवकूफ .	ఓ య ! రో డ డు మీద నుండి వెళళ ు , వెధ వా .	0.6437
- तुमहें को को चाहिए ? - जरूर .	- నీకు చా క లెట మి ల క కా వ ాలా ? - అవును .	0.5434
ठीक है . बहुत हो गया . वापस सो जाओ .	సరే . ఇక చ ాలు . వెళలి పడు కో .	0.6000
खैर , उसे सिर पर लगा ते हैं .	అంటే , దానిని నీ త లకు పెటటు కో వాలి .	0.5408
नै ति क ता की एक ल डा ई नै ति क ता की एक ल डा ई	నె తి క త కోసం చేసే పో రా టం నె తి క త కోసం చేసే పో రా టం	0.5300
समय आ गया है कि मैं कुछ चीज ों की वय व स था कर ल ूँ .	నేను కొనని ఏ ర పా టలు చేయ ాల సిన సమ య మెంది .	0.6138
वे पता लगा ने जा रहे हैं कि जिस वय क ति को हमारे भ ूत सता रहे थे ,	మనం పీ డి ంచిన వయకతి నిజంగా మా రి ందో లే దో చూడ టానికి	0.5475
ओह , कि म बर ली , तुमहें कोई अं दा जा नहीं है तुमने अभी कया कर दिया .	ఓహ , కి మ బె ర లి , నువవు ఏం చేసా వో నీకు అస స లు తెలీదు .	0.6465
और तुम . अब से , मुझे सब कुछ यो जना के हि सा ब से चाहिए . समझ गए ?	అలాగే నీ విష యా నికి వ దదాం . ఇక నుండి ఏ ది చేయ ాల ననా స కరి ప ట లో ఉండాలి . అరథ మె ందా ?	0.6225
मुझे और ऐसी चीजें दिखा ना चाहते हो जिन के बारे में मैं सही हूँ ? यह फिर से म जे दार हो गया है .	నేను సరి గగా చెపపి న మరి కొనని విషయ ాలు నాకు చెప తా వా ? ఇది భలే సర దా గా ఉంది .	0.5978
उसके लिए चार सौ लोग काम करते हैं .	వీ డి కింద నాలు గు వ ంద ల మంది పని చేసతుననా రు .	0.5293
जो शायद आपकी पूरी सं स था को दि वा लिया कर दे गी ,	అంత డబబు చె లలి ంచు కునే స రికి , మీ సం సథ ది వాళ ా తీ య ొ చచు కూడా ,	0.5866
देखा ? सप ना है .	చూ సా వా ? కల .	0.5473
वह कहाँ है ?	అది ఎకకడ ఉంది ?	0.4472
- दो . - आ ठ . आ खि री पे शक श .	- రెండు . - ఎ నిమి ది . చి వరి ఆ ఫర .	0.6494
यह तुमहारा है .	ఇది నీ గ తం .	0.4456
- कया ? - हाँ .	- ఏంటి ? - అవును .	0.5559
पा जा मा बो रे से बना है .	ఈ పె జా మ ాలు బు ర లా ప తో చేశారు .	0.5192
मैं इसकी आँख ों में देख ती हूँ	ఈ యన క ళళ లోకి చూ సతుననాను	0.4728
कि मैं उ तना ही कमी ना हूँ जिस का मुझे डर है ?	ఒక పపటి లా వెధ వని అయితే ఏంటి సంగ తి ?	0.5178
तुमने यह देखा ?	ఇది చూ సా వా ?	0.4611
तुम ठीक हो ?	బాగానే ఉననా వా ?	0.3221
सर , कया हम थोडी जलदी जा सकते हैं ? शुकरिया .	సర , కొంచెం వే గ ంగా వెళ తా రా ? థాంక స .	0.5315
लि फ ट ग लिया रे के अ ंत में हैं और यह आपके कम रे की चा बी है .	లి ఫ ట లు హ ాల లో నే రు గా వెళ ి తే ఉంటా యి , అలాగే మీ గ ది కి కీ కార డు ఇ దు గో ండి .	0.6434
बढिया , आप न शे में हैं . खैर , कहीं ना कहीं तो सु बह के आ ठ ब जे होंगे .	మంచిది , అ పపుడే తా గే సి వచచా వు . అది కూడా తె లల వార గానే .	0.6320
लेकिन कया वह ऐसा कुछ है जिस पर हमें गर व होना चाहिए ?	కానీ అది మనం నిజంగా గర వ పడ ాల సిన విషయ మే నా ?	0.5784
- हाँ . - और आप अभी भी यहाँ हैं .	- అవును . - కానీ మీరు ఇంకా ఇకకడ ే ఉననారు .	0.5253
वह बर दा श त के बाहर हो जाता है .	నువవు నీ మన సు లో ని వె లి తి ని భ రి ంచ లేవు .	0.5311
मेरे साथ रहना , क लि ंट . सम ृ ति में रहना .	నాతో ఉ ండు , కలి ంట . ఇకకడ ే ఉ ండు .	0.5759
सच में ? उ तनी ठ ंड नहीं लग रही .	అవునా ? నాకు అంత చ లల గా అనిపి ంచడం లేదు .	0.5341
अगर हम उसे बदल पा ए , तो उसके पर भा व की कल प ना करो .	మనం వాడిని మార చి తే , అది ఎంత మంది పె పర భా వం చూ పు తు ందో ఊ హి ంచుకో .	0.5556
अरे . तुम वापस आ गए . और एक बेहद क से हुए सू ट में .	హేయ . నువవు తిరిగి వచచా వు . అది కూడా బాగా బి గు తు గా ఉనన సూ ట లో .	0.5886
देखो , मुझे एक और मी टि ंग के लिए जाना है और मुझे देर हो गई है .	చూడు , నేను వెళల డం ఆ లస యం అయి న ఇం కొ క మీ టి ంగ ఉంది .	0.6635
है श ट ै ग करि सम सट री यु द ध . और रे न को याद दि ला ना . . .	# కరి సమ స . చె టల యు దధ ం అలాగే రెన కి . . .	0.6771
वह कया बोल रहा है ?	వాడు ఏం మాటలాడు తుననా డు ?	0.4261
और थोडा सा काफी है	కొంచెం మంచి చేసి నా చ ాలు	0.3727
और हम बस . . . हम बस बात करने लगे और यह . . .	తరవాత మేము . . . మేము మాటలాడు కో వడం పరా రం భి ంచా ం , అలా . . .	0.5583
लेकिन , मेरा मतलब , अगर मैंने वह फै सला नहीं लिया होता , तो मैं यहाँ तुमहारे साथ नहीं होता .	కానీ , అంటే , ఆ పని చేసి ఉండ కపోతే , నీ తో ఇకకడ ఇలా ఉండ గ లి గే వాడిని కాదు .	0.5926
आज रात तुमहें कोई नी ंद नहीं आए गी	ఇ వాళ రాతరి నీకు ని దర రా దు	0.5063
मैं वा कई इतना स वार थी हूँ .	నేను నిజంగా నే చాలా సవా ర ధ ప రు డిని .	0.4866
मुझे साल ों लग गए लेकिन आ ख िर कार मैं नौ करी छोड ती हूँ	ఇది చెపప డానికి నాకు ఎ నన ో ఏ ళళు ప టట ా యి , కానీ నేను పని మా నే సతుననాను	0.5543
क लि ंट की कं प नी दुनिया भर में अपने ग रा ह कों के फा य दे के लिए	కలి ంట య ొ కక కం పె నీ పరపంచ ం వయా ప తంగా ఉనన తమ కల యి ంట ల లా భ ం కోసం జ నా నికి త పపుడు	0.6199
हम असल में ऐसे ही हैं . और पता है , मैं वह सवी कार करता हूँ .	వాళళ నిజ స వర ూ పం అందు లో తెలు సతుంది . ఒకటి చెపప నా , అది నేను అ ంగ ీ కరి సతుననాను .	0.5780
वह झ न झ ना ह ट जब जि ंग ल बे ल ब ज ती हैं	మా హ ృ దయ ాల లో ఆ సంతోష గు డి గంట లు మో గు తుననా యి	0.5800
- मतलब , तुमने मुझसे पूछ ा था मैंने तुमहें कयों चु ना . - मैं जानता हूँ तुमने कयों चु ना .	- అంటే , నేను నినను ఎందుకు ఎ ంచు కుననా నా అని అడి గా వు . - అవును , నిజ మే .	0.5830
" हाथ में स वर ग " नाम की एक जगह है .	నిజ ానికి " మ తి పో తోంది " అనే హో టల ఒకటి ఉంది .	0.5344
- कया यह तैयार हो गया ? - हाँ , अभी तैयार नहीं हुआ है .	- అంతా సిదధ మా ? - లేదు , ఇంకా సిదధ ం కాల ేదు .	0.5762
बस एक बार कह दो और जल द ही तुम मु स कु रा रहे हो गे	ఒకక సారి అలా అని చూడు వెంట నే నీ మొ హం చి రు నవ వు తో ని ండి పో తుంది	0.5769
जे कब , मैं बता रहा हूँ . मैं जानता हूँ इसका दिमाग किस तरह काम करता है .	జే క బ , చెప తుననాను కదా . వాడిని ఎలా మా రచ ాలో నాకు తెలుసు .	0.5440
कया मैं वह इंसान बन सकता हूँ जो जिंदगी भर की गल ति यों को पीछे छोड दे ?	నా జీవితం లో చేసిన తపపు లకు పరా య శ చి తత ం చేసుకో గ లు గు తా నా ?	0.6312
मेरे इतनी बार ग ृ ह सवा मी सं घ से शि का य त करने या पुलिस को बुला ने	మీ మీద ఇంటి య జ మా ను లు సం ఘ ానికి , పోలీసు లకు అనని సా రలు ఫి ర యా దు చేసి నా , మీకు వచచి న	0.6226
उसकी चिंता मत कीजिए . कुछ ही मिनट ों में वह अपने बि स तर में जा ग जाए गी .	ఆమె గురించి మీ రే మీ కంగా రు పడ క ండి . ఇం కొనని నిమిష ాల లో ఆమె తన మ ంచ ం మీద ని దర మే లు కొ ంటుంది .	0.5898
और यह मैं हूँ . मि सटर बर ै ड पि ट . नहीं . नहीं , मैं मजाक कर रहा हूँ .	ఇది నేను . మి సటర బ రా డ పి ట . కాదు . ఉ తతి నే , జో క చేశా .	0.6316
यह बं दा . . . और यह बहुत बुरा है . . .	వీ డు . . . చాలా చె డ డ వా డే . . .	0.7018
तुमहें उन पर ं परा ओं के लिए लड ना होगा जो हमारे दिल ों के करी ब हैं .	మనం ఎంత గా నో గ ౌ ర వి ంచే సం పర దా య ాల కోసం మనం పో రా డ ాలి .	0.6440
मैं उसे पसंद नहीं करता हूँ .	నాకు ఆమె పె ఇషటం లేదు .	0.4966
अब होगी	ఇపపుడు ఇక	0.3652
वह करने का सही तरी का है कि तुम . . .	ఈ పని ని చేయ డానికి ఉనన మే లెన మా రగ ం ఏంట ంటే . . .	0.5463
चलो भी , क लि ंट .	అలా అన ొ దదు , కలి ంట .	0.4730
कया ? हे भगवान .	ఏంటి ? ఓ రి , దేవుడా .	0.4230
- जरा 2 6 1 को रो को . - कया हम मिले हैं ?	- ఒక సారి 2 6 1 ని ఆ ప ండి . - మనం ఇంత కు ముందు కలి శా మా ?	0.6467
ठीक है . थोडा सब र करो .	సరే , మరి . కా సత ఓ పి క ప టట ండి .	0.5315
यह आ गया .	తీసుకో .	0.2691
ना सु ध र पा ने वाला ?	వి మో చ న లే కుండా	0.5104
ग जब . मैं इतना भा री कयों हूँ ?	వా వ . నేను ఎందుకు ఇంత బ రు వు గా ఉననాను ?	0.5319
कया यह ठीक है ?	నీ చె య పటటు కో వచచా ?	0.4487
शायद इसलिए कयोंकि अग ले हफ ते मैं काम पर वापस चला जा ऊँगा	ఎందుకంటే నేను వచచే వా రం మళళీ ఆ ఫీ సు కు వెళలి	0.5384
उसे एक ही रात में होना चाहिए	ఒకక రాతరి లో మాతరమే జరగ ాలి అను కుననా వు	0.4420
- हे - हे	- హేయ - హేయ	0.4549
हम अभी ही भाई ब ने थे .	మేము ఇ పపుడే సోద రు ల ం అయ యా ము .	0.5477
- रुको . - नहीं . रो श नी में जाओ .	- ఆ గ ండి . - లేదు . వె లు గు లోకి పర వే శి ంచు .	0.6233
तुम हमेशा से मुझे शा ंत स व भा व की और कम आकर ा म क लगी हो .	నేను నినను ఎపపుడూ ఇలా నే రు గా ఒక దాని కోసం అడి గే ర కం మనిషి గా చూడ లేదు .	0.5859
अगर चु ना व में ख डे हो रहे हो , तो तुमहारे अ ती त पर उ ँ ग लिया ँ उ ठ ें गी ही .	ఏదెనా పద వి కి పో టీ పడ ాల ంటే , గ తా నని త వ వడం లో తపపు లేదు .	0.6468
- सबसे अचछी जिंदगी जी ने में मदद करने का . - सबसे अचछी जिंदगी ?	- వా రికి గొపప జీవి తా నని ఇ చచా ను . - గొపప జీవి త మా ?	0.5372
मतलब , मेरे मर ने तक घर ों में न ल सा जी भी नहीं हुई थी , तो मैं . . .	అంటే , నేను భ ూ మి పె న ఇ ళ లలో కి నీ రు వచచే వె సు లు బా టు రా కుండా నే మ రణ ి ంచా గా , కాబటటి . . .	0.6516
व रत मान ? तुम मेरे अ ती त में कया कर रहे हो ?	పర జె ంట ? మరి నా గ తం లో నీ కే ం పని ?	0.6135
पता है , हमें एक से क ंड के लिए इ जा ज त देना .	ఒకటి చెపప నా , మేము ఇ పపుడే వ సతా ం .	0.6072
ठीक है फिर . चलो ती खा सट यू खा एँ !	సరే , మరి . ఇక వెళలి మంచి చ ీ లి కూ ర తి ందా ం !	0.5781
शायद चा लू करने का कोई स वि च नहीं	బహుశా దీ నికి ఎలా ంటి త కష ణ పరి ష కా రం లే దే మో	0.5321
अरे , तुम कहाँ जा रहे हो ?	హేయ , నువవు ఎ కకడికి పో తుననావు రా ?	0.5251
तुमहारा भाई बहुत अचछा इंसान है .	నీ తమ ము డు చాలా మంచి వాడు .	0.4970
तुम बोल ते नहीं हो , तुम बस चीज ों की तरफ इ शा रा करते हो ?	నువవు మాటలాడ వు , కానీ వే లు పె టటి చూ పు తా వా ?	0.5865
मैंने कहा था कि म बर ली सबसे अचछी है .	ఈ పని లో కి మ బె ర లి కి తి రుగు లే దని చెపపా ను కదా .	0.5328
मैं नहीं कर ूँ तो ?	నాకు పటటు కో వాలని లేదు .	0.3971
अरे , ग जब ! कया तुमहारे सिर से वह ख ड ख डा ह ट हुई ?	అయ యో ! నీ తల దే ని కె నా గు దదు కుననా వా ?	0.5862
अरे ! अब इसका वह मतलब नहीं है ! अरे !	హేయ ! హేయ ఈ కాల ంలో దానికి అరథం అది కాదు ! ఆగు !	0.5123
कि म बर ली ! मैं द ख ल देने के लिए माफ ी चाहता हूँ ,	కి మ బె ర లి ! మధయ లో ఆ పి న ందుకు కషమించు ,	0.6254
तुम कया करने वाले हो ? कया तुम पागल हो गए हो ?	నువవు ఏం చేయ బో తుననావు ? నీకు పి చచా ?	0.5641
देखो , उन सब लोगों का कया जिन होंने क लि क बे ट पर विश वास किया ?	చూడు , ఆ వార తను నమ మి న వార ంద రి సంగ తి ఏంటి మరి ?	0.6091
- हमेशा ना सु ध र ने वाला र हूँ गा - ना सु ध र ने वाला	- వి మో చ న లే కుండా మి గి లి పో తా నా - వి మో చ న లే కుండా మి గి లి పో తా నా	0.5382
सै ं टा के आने के समय तुमहें बि स तर में होना चाहिए .	శా ంటా వచచే స రికి నువవు పడు కు ని ఉండాలి .	0.5701
- वा कई ? तुमहें वा कई ऐसा लगता है ? - हाँ .	- నిజంగా ? నువవు నిజంగా అలా అనుకుంటుననా వా ? - అవును .	0.5086
- रो बर टो ! - उसका दिन थोडा अजीब बी त रहा है , ठीक है ?	- రో బర టో ! - తన కు చినన సమసయ ఉంది , సరేనా ?	0.6162
शुकरिया , ग ै री . काम हो गया . तुमने एक दम सही समय पर सप ॉ ट ला इट दी .	థాంక స , గ యా రీ . ఇక చ ాలు . భలే సమ యా నికి లెట వే శా వు .	0.6380
तो , मैंने तुमहें बताया था ?	చూ సా వా , చెపపా ను కదా ?	0.5365
और वह वापस नहीं आए गा किसी फै कट री में ब ने न क ली पे ड से	దానిని న కి లీ చె ట లతో తీసు కొ ని రా వడం కు దర దు	0.6017
और मैं फ रिश ते का पु त ला ऊपर लगा ने जा ऊँगा ,	చె టటు పె న ఆ దే వ దూ త బ ొ మమ ని పెటట డానికి నేను వెళ తు ండ గా ,	0.6135
एक बार . बहुत जरा सा . और तुम जानते हो कि वह अलग था .	ఒకక సారి . అది కూడా స వల ప ంగా . అ పపటి కేసు ఇలా ంటి ది కా దని నీకు తెలుసు .	0.5689
कि म बर ली पार कस कार य कारी उ पा ध य कष	కి మ బె ర లి పార కస ఎ గ జి క యూ టి వ వె స పర ె సి డె ంట	0.5239
यह पागल प न है .	అది అబ దద ం .	0.4534
हाँ , है . लेकिन मैंने फै सला ले लिया और अब मुझे उसके साथ रहना होगा .	అవును . కానీ ఆ నిరణ యం నా దే , కాబటటి నేను ఏం చేయ లేను .	0.5914
उसके कोई मा य ने नहीं थे , मेरे सिर की क सम .	ఆ పని ఎలా ంటి దు రు ద దే శ ంతో చేయ లేదు . ఒ టటే సి చెప తుననాను .	0.5867
तुमहारा है	నిజ ానికి నీ ది	0.3077
मैं कर ूँगा . वा दा करता हूँ .	ఒ టటు . మాట ఇ సతుననాను .	0.4644
सवा चार . अचछा है . शुकर है .	4 : 1 5 . మంచిది . చ ాలు .	0.5265
नहीं ? ठीक है .	లేదా ? సరే .	0.4458
पता है , जब वे मेरा भ वि ष य दिखा रहे थे , वहाँ एक बी मार बच चा था .	నాకు నా భ విష యత తు ని చూపి ంచిన పపుడు , అందు లో అ నా రో గ య ంతో ఉనన ఒక కు ర రా డు కనిపి ంచా డు .	0.6254
सी धे सिर की चो ट में .	నీ త లకు ద ె బబ త గి లి ంది కదా .	0.5032
सा री भ ला ई जो मैंने सो ची मैंने क मा ई थी अ ंत में उसके कोई मा य ने नहीं रहे	చి వ రికి నేను సం పా ది ంచు కునన ది అంతా మ టటి లో కలిసి పోయింది	0.5668
एक करि समस की सु बह के ए ह सा स से आगे बढ ने के लिए तैयार हूँ ?	గ డ ప డం కంటే గొపప కార య ాలు చేసే సమయం అయి ందే మో ?	0.6159
और उसका मतलब है ची ड की खुश बू एक अस ली पे ड से	దా న రథ ం నిజ మెన చె టటు కు ఉండే ఆ అంద మెన సు వా స నను ఇవవ బో తుననాం	0.6035
तुम यह वी डियो पो सट कर देना , अपना स व ीक ृ ति भा ष ण लि ख ना शुरू कर देना और काम आ सा नी से हो जाएगा .	నువవు ఆ వీ డి యో ని పో సట చేసి , ఎ నని క లలో గె లి చేయ వచచు , చి టి కె లో జ రి గే పని .	0.6033
- अरे , म हा न ु भा व . . . - हे भगवान .	- ఒ రే య , హ ీ రో . . . - అబబా .	0.7124
- मुझे वह सुना ई दिया . - मुझे भी .	- ఒ పపు కుంటా . - నేను కూడా .	0.5828
मैं हमेशा सोच ता था यह कैसा लगता होगा और मैं नि रा श नहीं हुआ .	ఈ ఫీ లి ంగ ఎలా ఉ ంటు ందా అని ఎ పపటి ను ండ ో నా స ందే హం , అ చచ ం నేను ఊ హి ంచు కునన టటే ఉంది .	0.5467
जिन में से 8 1 परति श त न क ली थे , प ला सट ि क के पे ड थे .	వాటి లో 8 1 శా తం న కి లీ , ప లా స టి క చె ట లే .	0.6773
यह बस . . . आज मेरा दिन बहुत वय सत है .	విషయం ఏంట ంటే . . . నేను ఇ వాళ చాలా బి జీ గా ఉననాను .	0.5779
कया हम सी पी ए म 1 6 3 को दोबारा चला सकते हैं , पलीज ?	మళళీ సి పి ఎ ం - 1 6 3 ని ప లే చేసతా రా , పలీజ ?	0.5860
यह छो टी सी फ ड फ डा ह ट दिख रही है उसके एक स पो जर में ?	చూ సా వా , ఇకకడ చినన అ ల జ డి కనిపి సతు ందా ?	0.6141
तुम यह वी डियो पो सट कर देना , अपना स व ीक ृ ति भा ष ण लि ख ना शुरू कर देना	నువవు ఆ వీ డి యో ని పో సట చేసి , ఎ నని క లలో గె లి చేయ వచచు ,	0.6013
मतलब , यहाँ कया मैं ऐसा ही इंसान हूँ ? वह बं दा जो सा रा गर म पा नी इस ते माल कर ले ता है ?	అంటే , నేను అలా ంటి వాడి నా ? వే డి నీ ళలు అన నీ నేనే వా డే సే మనిషి నా ?	0.5619
आज करि समस है .	ఇ వాళ కరి సమ స రోజు .	0.4775
करि समस ट री उ त पा द कों के रा ष ट री य सं घ का सवागत करता है	జా తీ య కరి సమ స చె టల పె ం ప క ందా రు ల అస ో సి యే షన	0.6429
क लि ंट ब रि ग स ना सु ध र ने ला य क	కలి ంట బ రి గ స వి మో చి ం ప సా ధ యం కా ని వాడు	0.6194
तो , यह ज ॉ श हा बि ंस , वह पढ ा ई में कैसा है ?	ఇంత కీ ఈ జా ష హ బ బి నస అనే వాడి కి మార కులు ఎలా వ సతు ంటా యి .	0.6048
खैर , मैं हमेशा से लोगों को पह चा न ने में अचछा रहा हूँ .	అంటే , నేను ఎవరి నె నా చూ సి వారు ఎలా ంటి వా రో చెపప డం బాగా తెలి సిన వాడిని .	0.5618
दुनिया में कुछ भी माँ ग लो .	నీకు పరపంచ ంలో ఏం కావాల ననా తె సతాను .	0.4954
बस स कर ू ज जैसा	మర ొక స క రూ జ కా గల డు	0.5325
मैं तुम लोगों के लिए अपनी पूरी जिंदगी नहीं बदल ूँगा ,	మీ కోసం నేను చేసే ప ను లు చేయ కుండా మా నను ,	0.5403
लेकिन इस ने मेरा हाथ पक ड र खा है और यह छोड ने वाला नहीं है	కానీ నా చేయి పటటు కుననా డు దానిని వ దల డం లేదు	0.5373
अगर हम कभी पा नी में नहीं उ तर ेंगे हम कभी नहीं जान पा एँगे	ఒక అడుగు వే య కపోతే మనం ఎ పపటి కీ తెలుసు కో లే ము	0.5677
मुझे जरा इ जा ज त दो गे ? मैं देख कर आता हूँ यह सब कया हो रहा है .	నాకు ఒక కష ణం ఇ సతా వా ? ఆ శ బ ద ం ఏంట ో చూ సి వ సతాను .	0.6745
खैर , तुमहारे पास बेहतर उ त पा द है .	కానీ , మీ ఉ త ప తతి వారి ఉ త ప తతి కంటే నా ణ య మెంది .	0.5587
मैं देख सकता हूँ . . .	నేను ఇలా ంటి . . .	0.5719
- इसी लिए मैंने वह कहा . - थोडी ती वर ता कम करो .	- అందుకే అననా ను . - కొంచ ె మ త గ గి ంచు .	0.6110
हम वापस ला रहे हैं शि ष ट ता हम वापस ला रहे हैं करि समस	మనం నా ణ య తను తిరిగి తీసు కొ సతుననా ం మనం కరి సమ స ని తిరిగి తీసు కొ సతుననా ం	0.5128
तो , उसे मि निया पो लिस में उसके बच प न में ले जा रही थी .	నేను వాడిని మి నని యా పొ లి స లో ని తన బ ాల యానని చూపి ంచ డానికి తీసు కె ళళ ా ను .	0.5403
क लि ंट , मुझे तुमहें कितनी बार बता ना पडे गा ? यह मेरे बारे में नहीं है .	కలి ంట , నీకు ఎ నని సా రలు చెపప ాలి ? ఇది నా గురించి కాదు .	0.6007
शुकरिया . तुमहें बिलकुल अं दा जा नहीं है तुमने कितना अचछा काम किया है .	థాంక స . నువవు ఎంత గొపప పని చేసా వో నీకు అస స లు తెలీదు .	0.5688
हम में वह करि समस की सु बह वाली भा वना भ री हुई है	మ ాలో నిర ంత రం ఉ త సా హం ఊ రు తూ నే ఉంటుంది	0.5835
हम इस दुनिया में दुनिया भर का बद ला व ला रहे हैं	మేము పరప ంచా నికి ఎ ంతో మంచి చేసతుననా ం	0.4874
हम इस दुनिया में दुनिया भर का बद ला व ला रहे हैं	మేము పరప ంచా నికి ఎ ంతో మంచి చేసతుననా ం	0.4874
आ ख िर कार हम अस ली ज ॉ श को जान गए न क ली !	చి వ రికి నిజ మెన జా ష ఎలా ంట ో డో తెలి సింది వే ష ధా రి !	0.4805
- मार ली ! - मैंने तुमहें बताया था , मैं नहीं बद ला .	- మార లె ! - చెపపా ను కదా , నేను మార లేదు .	0.5723
हम में वह करि समस की सु बह वाली भा वना भ री हुई है	మ ాలో నిర ంత రం ఉ త సా హం ఊ రు తూ నే ఉంటుంది	0.5835
हम इस दुनिया में दुनिया भर का बद ला व ला रहे हैं	మేము పరప ంచా నికి ఎ ంతో మంచి చేసతుననా ం	0.4874
वह ठीक है . वह 8 0 के द शक के अपने बच प न के बे ड रू म में है .	వాడు బాగానే ఉననాడు . వాడు ఇపపుడు 1 9 8 0 లో ని తన చి న ననా టి బె డ రూ మ లో ఉననాడు .	0.5918
वे गा कयों रहे हैं ?	వాళళు ఎందుకు పా డు తుననారు ?	0.4040
और काम आ सा नी से हो जाएगा .	చి టి కె లో జ రి గే పని .	0.4575
लेकिन हम अभी बस . . . हम ना च - गा रहे थे .	కానీ మేము ఇ పపుడే కదా . . . పా డు తూ డా నస కూడా వే సా ము .	0.6171
तो , चिंता मत करो , यार .	కాబటటి నువవే ం భయ పడ కు , బంగా రం .	0.5178
नहीं , यह बिलकुल साफ है	లేదు , నాకు సప షట ంగా తెలు సతుంది	0.4445
सब कुछ दा ँ व पर लगा ने की ब जा य .	పం పే సి ఉంటే బాగు ండ ే ది .	0.5111
उप - शी र ष क अनु वाद क : मी न ू	స బ టె టి లస అ నువ ది ంచింది : జో సె ఫ	0.5875
आप वह दोबारा नहीं खाना चाहते हैं ?	దానిని మళళీ తి నా లని లేదా ?	0.3932
यह कोई सप ना नहीं है , मि सटर ब रि ग स .	ఇది కల కాదు , మి సటర బ రి గ స .	0.5959
- सी पी ए म 1 6 3 चा लू करो . हाँ . अभी . - सी पी ए म 1 6 3 , नहीं .	- ఇపపుడు సి పి ఎ ం - 1 6 3 ప లే చె య . అవును . ఇ పపుడే . - సి పి ఎ ం - 1 6 3 వదదు , వదదు .	0.6983
कि मैं इससे जयादा के लिए बना हूँ ?	నేను దే ని కె నా పని కొ సతా నా ?	0.5316
उसे लगता है मैं अचछा हूँ .	ఆమె నేను మంచి వాడిని అను కు ంటుంది .	0.4449
अप मान जन क , कं जू स , आत म क ें द रि त .	నో రు పా రే సు కొ నే , పొ గ రు బో తు లో భి వీ డు .	0.5853
पता है , किसी को एक बार बोल कर देख लो . मेरे खया ल से तुमहें बेहतर महसूस होगा .	అంటే , ఎవరి తో అయి నా ఆ మాట అను . నీకు ఉ ప శ మన ంగా అనిపి సతుంది .	0.6227
मु ड कर किसी बे चा रे बं दे का कं धा थ प थ पा ओ	ఒక పె గ గు ది ంచి ని ల బ డు మి తర మా	0.6251
कया तुम बॉ नी या भी बद ला व का जि म मे दार है , उससे कह सकते हो	దయచేసి ఈ సీ నలు మార చే బాధ యత ఉనన బా ని , లేదా ఇం కె వర ెనా సరే , వాళ లకు ఈ ఎ ఫె క ట లు	0.6278
नहीं , सब ठीक है . मैं तुमहारे साथ हूँ .	ఏం పర లేదు . నేను నీ తో ఉననాను .	0.4974
- और कया तुम मेरा चे हरा छ ू ना बंद करो गे ? - जरूर .	- కా సత నా మొ హం తా క డం ఆ పు తా వా ? - సరే .	0.6322
मेरी माँ ऐसी फै ं सी जग हों की स फा ई थी करती	మా అమమ ఇలా ంటి ఆర భా ట ంతో ఉ టటి పడ ే పర దే శ ాలను శు భ రం చేసే ది	0.5545
तुमहें पो सट करनी चाहिए . हो सकता है उससे वो ट मिल जाएँ .	నువవు అది పో సట చేయాలి . బాగా ఓ టలు పడ ొ చచు .	0.5878
देखो , मैं बस इतना चाहता हूँ कि तुम मेरी और मेरे परिवार की नि ज ता का सम मान करो .	చూడు , నా కుటుం బ గో ప యత కు గ ౌ ర వం ఇ చచి ఇది ఆ ప మని అడుగు తుననాను .	0.6370
- नहीं , बेटा , उसके ब गी चे में जाओ ! - हम नहीं चाहते वह पुलिस को बुला ए .	- వదదు , బు జ జి , ఆమె పరా ంత ంలో కి వెళళ కు ! - ఆ వి డ మళళీ పోలీసు లకు ఫోన చే సతే తల న ొ పప ి మొద ల వు తుంది .	0.6563
शुकरिया .	థాంక స .	0.3091
सि त ंबर	సె ప టె ం బర	0.3240
जहाँ से मी लों दूर तक नी ला आ स मान दिख ता है	నీ ళలు ఆ కా శా నని తా కు తునన ఈ భ వ నం	0.6014
कया यह मुझे देख सकती है ?	ఈ వి డ ననను చూడ గల దా ?	0.5591
खैर , इसमें मि सटर ब रि ग स शा मिल हैं .	అంటే , ఆ పని మి సటర బ రి గ స గా రికి సంబం ధి ంచి ందే .	0.5432
शुकरिया .	థాంక స .	0.3091
हो , हो , हो , हो ! मेरी करि समस .	హో , హో ! మె ర రీ కరి సమ స .	0.4576
- चु प रहो . - कया ?	- నో రు మూ సుకో . - ఏంటి ?	0.5465
जिस पर तुम जो र नहीं दो गे	కానీ నీ సథా యి కి త గ ని ఈ ఎ తతు గ డ లతో	0.5101
सही कहा .	అవును .	0.4165
शुकरिया .	థాంక స .	0.3091
हे भगवान .	ఓ రి , దేవుడా .	0.3479
वह . . . यह मर गया .	అది . . . అతను చని పోయా డు .	0.5644
यही चाहता हूँ मैं .	నాకు కావాల సింది అద ొ కక టే .	0.3997
हे भगवान .	ఓ రి , దేవుడా .	0.3479
मैं भूल गया था कि खु ज ली आने पर खु ज ला ना कैसा लगता है .	దు ర ద గో క డం ఎలా ఉ ంటు ందో నేను మర చి పోయా ను .	0.6234
शुकरिया .	థాంక స .	0.3091
ओह , ग जब . . .	ఓ రి , దేవుడా . . .	0.5486
हाँ . खुद को संभा लो . अफ सो स करना बंद करो .	అవును . కా సత నె మమ ది ంచు . తీసుకు నన నిరణ య ాల కు చి ంతి ంచ కు .	0.5625
- कहाँ ? यहाँ ? - हाँ .	- ఎ కక డా ? ఇకకడ ే నా ? - అవును .	0.4819
शुकरिया .	థాంక స .	0.3091
और फिर हर साल मैं रु क जाता था .	కానీ పర తీ ఏ డా ది , అదే పని చే సతూ ఉ ండి పోయా .	0.4970
पर सता व पास हो गया .	పరతి పా ద నను ఆ మో ది సతుననా ం .	0.4497
- ठीक यहीं . उ मर . . . 9 3 . बुरा नहीं है . - मुझे मिल गया .	- ఇకకడ ే . ఇది . . . 9 3 . పర లేదు . - దొ రి కా డు .	0.7655
सवा चार .	4 : 1 5 .	0.2994
नहीं , मुझे उसका नंबर नहीं मा लू म . जैसे मुझे किसी का भी नंबर मा लू म है .	లేదు , నాకు దాని నం బర తెలీదు . నాకు ఎవరి నం బర తెలీదు .	0.5514
मैं उसे लेकर आता हूँ .	నేను వెళలి త నని తీసు కొ సతాను .	0.4712
तुम कहना चा हो गे	నువవు ఈ మాట అన గల గ ాలి	0.4479
मुझे तुम पर बहुत गर व है .	నినను చూ సతు ంటే చాలా గర వ ంగా ఉంది .	0.4655
शुकरिया .	థాంక స .	0.3091
गु ड आ फ टर न ून !	ఇక ఉంటా ం !	0.3734
कयोंकि उससे शायद ही कुछ होगा सौ परति श त मे ह न त नहीं की अगर	9 9 శా తం కష ట పడి నా శా శ వ త మార పు ను తీసుకు రాల ే ం	0.6326
पलीज , हमें अ ती त के करि समस की 1 6 3 वी ं सम ृ ति में जाने की जरूरत है .	పలీజ , మేము మళళీ గ త కరి సమ స జ ఞ ా ప కం 1 6 3 కి వెళళ ాలి .	0.6662
यह कितना दु ख द है . देखो तुमने इसे कया करने पर म जब ूर कर दिया .	చాలా బాధ గా ఉంది . నువవు తన ను ఎలా చేసా వో చూడు .	0.5669
और कि म बर ली सबसे अचछी है . यह बेहद कर ूर है .	ఆ పని లో కి మ బె ర లి బె సట . ఆమె ను మి ంచిన వారు ఇం కె వ వర ూ లే రు .	0.5794
- मैं तुमसे बहुत जयादा पयार करता हूँ , यार . - शुकरिया . . .	- నేను నినను ఎ ంతో పరే మి సతుననా . - థాంక స . . .	0.6364
कयोंकि हम छ ि छ ले पा नी में गो ते लगा रहे हैं	ఎందుకంటే మనం జీవితం లో ఎలా ంటి సా హ సం లే కుండా బర తు కు తుననాం	0.5435
और सबसे जरू री , वह हर चीज में शा मिल है .	అంత కంటే ముఖ య ంగా , వాడు అనని విషయ ాల లో తల ద ూర చి ఉననాడు .	0.5807
मैं यहाँ एक पर ॉ जे कट के सि ल सि ले में आया हूँ .	నేను ఒక పరా జె క టు పని మీద వచచా ను .	0.5688
यह स हा य क भ ूत ों का हमारा सम र पि त स टा फ है .	వీ రు మా నమమ క మెన స హ కార భ ూ త ాలు .	0.6348
इस जिंदगी के लिए एक और अ व सर पा सकता हूँ जिस के मैं सप ने देख ता आ रहा हूँ	నేను కల లు క నన జీవి తా నని ద కకి ంచుకో వడానికి మర ొక అవకా శం	0.5823
शुकरिया , मार टी . हमेशा खुशी होती है .	థాంక స , మార టి . చాలా సంతోష ం .	0.5235
तुमसे मिलने तीन भ ूत आ एँगे .	నినను ము గ గు రు భ ూ త ాలు వచచి కలు సతారు .	0.4300
शायद कोई जा दु ई छ डी नहीं है	బహుశా ఎలా ంటి మయా జి క పరి ష కా రం కా దే మో	0.5019
कुछ भ ूत वहाँ ट वर क कर रहे थे , अगर करी ब से देखो तो .	నువవు మన సు పె టటి చూ సతే , అకకడ రెండు ఆ తమ లు ట వె ర కి ంగ డా నస వే సతుననారు .	0.6162
कया किसी को बुला ने की जरूरत है ?	ఎవరి కె నా ఫోన చేయ మ ంటా రా ?	0.4838
- स पार की ? - मैं देख सकता हूँ . . .	- స పార కి ? - నేను ఇలా . . .	0.6799
कयोंकि यह बिलकुल साफ है	ఎందుకంటే ఇది సప షట ంగా తెలు సతుంది	0.4182
खैर , वह अभी भी मेरे अंदर है	ఆమె ఇంకా నా లోనే ఉంది	0.4261
दूसरे गर हों तक पहुँच रहा है	ఇ తర గర హ ాల కు వెళ తుంది	0.5158
मैं इस शान दार लॉ बी में आज एक आदमी का कत ल कर द ूँगा .	ఇ వాళ లా బీ లో నేను ఒక డిని మర డ ర చేసే సతా .	0.5696
हम वापस ला रहे हैं करि समस हम वापस ला रहे हैं करि समस	మనం కరి సమ స ని తిరిగి తీసు కొ సతుననా ం మనం కరి సమ స ని తిరిగి తీసు కొ సతుననా ం	0.4805
हम वापस ला रहे हैं करि समस हम वापस ला रहे हैं करि समस	మనం కరి సమ స ని తిరిగి తీసు కొ సతుననా ం మనం కరి సమ స ని తిరిగి తీసు కొ సతుననా ం	0.4805
- वा कई समझ ती हूँ . - देखा ?	- నిజంగా . - చూ సా వా ?	0.5547
तो मैं वा कई तुमहारा बो झ समझ ता हूँ .	కాబటటి నీ పె ఉనన ఒ తతి డిని నేను అరథం చేసుకో గలను .	0.5058
मतलब , पता है , कोई भी तीन हफ त ों के लिए अचछा बन सकता है , है ना ?	అంటే , ఎవరెనా మూ డు వార ాలు మంచి గా ఉండ గల రు , కదా ?	0.6197
देखना कितनी जलदी उसकी दिल च स पी खतम हो जाती है .	చెపపే దాని పె వాడి కి ఆ స కతి పో వడానికి ఎంత సమయం పడు తు ందో గ మని ంచు .	0.4923
हमारी बहन तुमसे कुछ पूछ ना चाहती है . एक ए ह सान माँ ग ना चाहती है .	అ కక నినను ఒకటి అడ గ ాలి అ ంటుంది . ఏదో సహా యం అ ంట .	0.5774
कयोंकि मुझे जो आदमी दिखा ई दे ता है वह बहुत आ सा नी से हो सकता है	ఎందుకంటే నాకు కనిపి సతునన ఆ వయకతి చాలా సు ల భ ంగా	0.5408
वे कहते हैं " स फ ल ता की सी ढ ी च ढ ो चाह े कोई भी की मत देने पडे "	" ఏ ది ఏమెనా , పె సథా యి కి చే రు కో " అని అనే వారు	0.5892
यहाँ से निक लो . तुम हमें मु सी ब त में डा लो गे .	ఇ కకడి నుండి బయటకు పో దాం . నీ వలల అంద రం సమసయ లో పడ ే లా ఉననా ం .	0.5862
नहीं . मैं नहीं . . .	లేదు . ఇది . . .	0.5777
खैर , उन नी सवी ं स दी में " गु ड आ फ टर न ून " एक बडा अप मान होता था .	అంటే , 1 8 00 లలో , " ఇక ఉంటా ను " అన డం పెదద బ ూ తు .	0.6717
क लि ंट , मत करो .	కలి ంట , ఇపపుడు కాదు .	0.4847
लोग बदल ते नहीं हैं .	మను ష ు లు మార రు .	0.4167
- मैंने देखा . हाँ . मैंने धयान दिया था . - तुमने देखा था ?	- నేను చూ సా ను . అవును . గ మని ంచా ను . - అవునా ?	0.6003
हम वापस ला रहे हैं करि समस	మనం తిరిగి కరి సమ స ని తీసు కొ సతుననా ం	0.4700
हम वापस ला रहे हैं करि समस	మనం కరి సమ స ని తిరిగి తీసు కొ సతుననా ం	0.4714
हो सकता है मैं तुमहारी यो जना के अनु सा र नहीं चल रहा हूँ , लेकिन वह इसकी कोशिश में कमी की वजह से नहीं है .	మీ పర ో గరా మ నా మీద పని చే సతు ండ క పో వచచు , కానీ అది అతని క ృ షి లే కపో వడం వలల కాదు .	0.6294
हमने बी ज बो दि ए अब खुशी फ ल फ ूल रही है	మేము వి తత నాలు నా టా ం వాటి నుండి ఆన ంద ం వె లు వ డు తుంది	0.5430
- जरा इ ध र आ ना , पलीज . - ठीक है , बस . . .	- ఒక మాట మాటలాడ ాలి , దయచేసి రా . - అలాగే , ఇ పపుడే . . .	0.6319
हाँ ! देखा ? मैं इसी की बात कर रहा था .	అదభు తం ! చూ సా వా ? నేను దీని గురి ంచే మాటలాడు తుననాను .	0.5306
हमने बी ज बो दि ए अब खुशी फ ल फ ूल रही है	మేము వి తత నాలు నా టా ం వాటి నుండి ఆన ంద ం వె లు వ డు తుంది	0.5430
ऐसा लगता है जैसे तुम ह जार ों साल से मुझसे एक पि ल ले की माँ ग करते आ रहे हो , है ना ?	నువవు చాలా రోజు ల నుండి కు కక పిలల కా వాలని అడుగు తుననావు కదా ?	0.5580
बहुत वा सत वि क है . ठीक है , कौन . . .	వి ంటు ంటే నిజ మే అని తెలు సతుంది . సరే , ఎవరు . . .	0.5967
और मैं , जानती हो . . . स वार थी हूँ .	అలాగే నేను నీకు తెలుసు కదా . . . సవా ర ధ ప రు డిని .	0.5874
- मैं जा सकता हूँ ? - जा सकते हो .	- నేను వా డ ొ చచా ? - వెళళ ు .	0.5804
कि म , यह जगह क माल की लग रही है .	కి మ , మీ ఇ లలు భలే ఉంది .	0.5375
बी स से उन ती स की उ मर में . मुझे पता नहीं . हमें पता लगा ना पडे गा किस के साथ .	ఆమె 2 0 ల పరా రం భ ంలో . నాకు తెలీదు . ఎవరి తో నో కని పెటట ాలి .	0.6117
जब तुमने उसकी माँ ग की थी , इस ना सु ध र पा ने वाले पर	కా ని వాడి కోసం ఇంత పెదద రి స క చేయ కుండా నీ రి టె ర మె ంట ప యా కే జ నీకు ఇ చ చేసి	0.5864
मुझे माफ करना , लेकिन ऐसा तो है नहीं कि मैंने इसके बारे में सप ष ट नहीं बताया था .	కషమించు , కానీ నేను ఈ విషయం లో నిజ ా యి తీ గా లే కుండా ఏమీ లేను .	0.5829
डी ए स 2 6 1 ? मैंने वह हि ससा का ट दिया था .	2 6 1 ? నేను ఆ భా గా నని తీ సే సా .	0.5874
. . . पता है , यह बिलकुल गलत नहीं है अगर तुमहें डर लग रहा है	. . . నువవు చేసిన ప ను లను సమ ర ధి ంచుకో లే కపో వడం	0.6154
मैं ध ू प की गु न गु ना ह ट जैसा गर म हूँ	ఒక వె చచ ని అంద మెన అను భ వ మే	0.5873
यह मु सो लि नी और सी करे सट का सट ीक मि श रण है .	హి టల ర ఇంకా సట ాలి న లు కలి సతే ఎలా ఉంటా రో వాడు అలా ఉంటా డు .	0.5711
एक चीज से दूस री होती गई और तुम जानते हो .	ఒక దాని తరవాత ఒకటి జరిగి , అలా , ఏ మె ందో నువవు ఊ హి ంచ గల వు లే .	0.5587
भूल जाओ .	సమ స యే లేదు .	0.3892
हाँ . और ?	సరే . అయితే ?	0.4076
अंदर आओ और मुझे बेहतर जान ो , यार .	లో నికి వచచి నా గురించి మరి ంత తెలుసు కో , బా బు .	0.4841
ठीक है . मेरा रि टा यर में ट , अगर मैं उसे लेना चा हूँ ,	సరే . నా రి టె ర మె ంట ప యా కే జి అంటే , నేను గ నుక అది తీసుకో వాలి అను కు ంటే ,	0.5927
वह सब किस लिए था ?	అద ంతా చేసి ఏం పర యో జ నం ?	0.4515
बस अगर हि म मत करो	ధ ె రయ ంగా ము ంద డుగు వే సతే	0.4069
लेकिन तुमहारे ब लि दा न का कोई मतलब नहीं होता अगर इसका कोई परि ण ा म नहीं होता .	కానీ ఎలా ంటి పర య వ సా నం లే కపోతే నీ త యా గా నికి అరథం ఉండ దు .	0.5659
- इस ने तुमहारी प तनी के साथ सं भ ो ग किया . - गु ड आ फ टर न ून .	- వాడు నీ భా రయ ను చె రి పా డు . - ఇక ఉంటా ను .	0.6323
- शु रु आत - फा - ला - ला - ला - ला - ला - ला - ला - ला . . .	- మొద లె ంది - ఫ - ల - ల - ల - ల - ల - ల . . .	0.5353
मैं बात कर रहा हूँ य ी शु जन म की और छो टे बा ल य ी शु की	నేను దేవు ని జ నమ గురించి మాటలాడు తుననాను బ ాల ఏ సు గురించి మాటలాడు తుననాను	0.5030
परा य श चि त कर चु के लोगों का ह ॉल	వి మో చి ం ప బడి న వారి హ ాల	0.5385
ठीक है , मैं सप ना देख रहा हूँ .	సరే , నేను కల క ంటుననా .	0.5168
" ह ड डी मेरे ब ड डी की दुनिया में सवागत है . " " ह ड डी की ग ड डी . "	" ఎ ము కు ల గ ూ డు కు సవా గ తం . " " ఎ ము కు ల య మ లో కం . "	0.6876
और उसने सी खा कि वह इ कल ौ ता इंसान जिस पर वह नि र भर रह सकता है	వాడి పె మాతరమే వాడు ఆ ధా ర పడ గల డు అనన అ భి పరా యం	0.5862
झूठ े - तुम एक की डे हो	వెధవ - నువవు చాలా చె డ డ వాడి వి .	0.5215
थोडी अचछा ई फै ला ने के लिए , हे !	కొంచెం మంచి చె య , హేయ !	0.5048
अभी भी समय है . मुझे बस अपना फोन ढूँढ ना है . आ ख िर मेरा फोन है कहाँ ?	ఇంకా టె మ ఉంది . నాకు నా ఫోన కావాలి . నా ఫోన ఎకకడ ?	0.5674
- बढिया . - हाँ .	- భలే ఉంది . - అవును .	0.5931
कया , वह बच चा ?	ఏంటి , ఆ పి లలా డి వా ?	0.3905
तो चलो कुछ और बात करते हैं	కాబటటి ఈ సం భా ష ణ ను కా సత దా రి మళ లి దదాం	0.5001
यह शान दार है !	ఇది అదభు తంగా ఉంది .	0.3785
यह हर रो ज ले ने का फै सला है	ఇది మనం పర తీ రోజు తీసుకో వాల సిన నిరణ యం	0.5222
पर फ े कट ता ल मे ल	అదభు త మెన సా మర సయ ంతో	0.5490
हर एक मिनट बि ता या वह ले ने में जो मैं ले पा या	నేను గ డి పి న పర తీ కష ణం వీ లెన ంత గా జీవి తా నని ఆ సవా ది సతూ నే గ డి పా ను	0.5632
नहीं , क लि ंट , मैं भ ू ली नहीं हूँ कि सही कया है	లేదు , కలి ంట నాకు ఇంకా ఏ ది మ ంచ ో తెలీ న ంత గా నా క ళళు మూ సు కు పో లేదు	0.5643
बच प न में वह बहुत अके ला रह ता था .	చినన పపుడు , వాడు ఎకకువ గా ఒ ంట రి గానే ఉండే వాడు .	0.5183
- और चाह े वह करि समस का दिन हो - करि समस का दिन	- అది కరి సమ స రో జ ెనా - కరి సమ స రోజు	0.5064
मैं बहुत आ भा री हूँ . पूरी तरह इस . . .	మీ సహా యానని ఎ ంతో మె చచు కుంటుననా . ఇంత దూ రం వచచి . . .	0.5929
बेहद आ सान , बे चा रा , आ ल सी , नि ंद नी य ड ग ,	అన నీ సు ల భ ంగా కావాల ను కునే , దు ర భ ర మెన ద ౌ ర భా గ యు డు , డ గ ,	0.6813
तुम जानते हो सब चीज ों के पैसे मैं दे ता हूँ , है ना ?	ఆ ఖ రచు ల ననీ నా వే అని నీకు తెలుసు కదా ?	0.5738
उससे थोडी और जयादा मे ह न त करो जि तनी इससे पहले की थी	ని నన టి కంటే కొంచెం కష ట పడి పని చేయాలి	0.4970
उससे थोडी और जयादा मे ह न त करो जि तनी इससे पहले की थी	ని నన టి కంటే కొంచెం కష ట పడి పని చేయాలి	0.4970
लेकिन अब उसे पैसे मिल ते हैं लोगों को एक - दूसरे से दूर करने के लिए	ఇపపుడు జ నా ల పె వయకతి గ త దా డు లు చేసే పని చే సతుంది	0.5764
यह हम पहुँच गए . हमारा पह ला प डा व .	వచ చేసా ం . మన మొదటి గ మ యం .	0.5449
तुमहें यकीन है तुम बद ले नहीं हो ?	నువవు నిజంగా నే మార లేదా ?	0.4866
सिरफ ल हर ों तक सी मि त नहीं रह सकते	మార పు తో సరి పెటటు కో కూడదు	0.4687
लेकिन अगर तुम गा ना बंद करने का वा दा करो , तो तुमहें तुमहारा मु ज रि म मिल सकता है .	కానీ నువవు పా డ టం ఆ పే సతాను అంటే , నువవు వాడిని పీ డి ంచ వచచు .	0.5803
करि समस डि नर करने पर म जब ूर करते हैं . छ ी .	భ ో జ నం తి నే లా చేశారు . ద రి ద రం .	0.5360
कयोंकि कुछ बहुत खास होने वाला है .	ఎందుకంటే ఒక స పె ష ల విషయం ఒకటి చో టు చేసుకో ను ంది .	0.5171
वह अंदर से अचछा है . मुझे पता होना चाहिए . वह मेरा बडा भाई है .	వాడి మన సు మంచిది . నాకు తెలుసు . వాడు నా అనన .	0.5700
कयोंकि मदद करना शक कर से भी जयादा मी ठा होता है	ఎందుకంటే ఒక రికి సహా యం చేయడం అనే ది కే కు తి న డం కంటే తి యయ ని అను భ వం	0.5093
माफ कीजिए , सर .	ఏమ ండ ీ , సర .	0.4611
अब , यह थोडी हे र फ े र है लेकिन हमें इतना करना ही होगा	అది సా ధి ంచడం కోసం జ నా నని కొంచెం మ భయ పెటట ాలి కానీ అది తపప వే రే దా రి లేదు	0.5520
मैं इतनी शि दद त से एक पि ल ला चाहता था	నాకు ఒక కు కక పిలల కా వాలని ఉనన బ ల మెన కో రిక కారణ ంగా	0.5101
ला , ला , ला , ला	ల , ల , ల , ల	0.3983
नहीं .	కు దర దు .	0.2624
- गु ड आ फ टर न ून - कया कहा तुमने ?	- ఇక ఉంటా ను - ఏమ ననా వు ?	0.5673
नहीं . ओह , नहीं . नहीं .	లేదు . ఓహ , లేదు .	0.3831
मुझे कितनी घ बरा ह ट हो रही है ?	నా మొ హం క ంది పోయి ందా ?	0.4773
यह कया है ?	ఏం జరుగు తోంది ?	0.4069
मेरे खया ल से स थि ति कृ त रि म श व सन से आगे जा चु की है .	ఇపపుడు సి పి ఆర చేసి నా పర యో జ నం ఉండ దు .	0.6162
कयोंकि मदद करना शक कर से भी जयादा मी ठा होता है	ఎందుకంటే ఒక రికి సహా యం చేయడం అనే ది కే కు తి న డం కంటే తి యయ ని అను భ వం	0.5093
लगता है रे न यह त य करने की कोशिश कर रही है कि अपने मा मा की सा ला ह मा ने या ना मा ने .	తన అ ం కు ల స ల హా తీసుకో వ ాలా వ ద దా అని రెన ఆలోచి సతునన టటు ఉంది .	0.5957
तो , आज शा म मैं अ ती त और व रत मान , दोनों संभाल ूँगा .	కాబటటి ఈ సా య ంత రం మీ గ తం ఇంకా వర త మా నా నని నేనే హ యా ండి ల చేయ బో తుననాను .	0.5763
बस बता रही हूँ . शायद अब समय आ गया है .	మా ము లు గా అ ంటుననా అంతే . ఇక మీరు వెళ లే సమ య మెన టటు ఉంది .	0.5428
का ँच की बडी खि ड कि यों से जयादा और कया अचछा हो सकता है	ఇలా ంటి అ దద ాల మే డ కు సా టి ఇం కే ం ఉంటుంది	0.5481
लगा मैं वा कई एक बद ला व ला रहा था .	భ ూ మి పె మంచి మార పు ను తీసు కొ సతుననా అనిపి ంచింది .	0.4669
लेकिन तुम वह नहीं समझ ो गे , है ना ?	కానీ ఆ విష యానని నువవు అరథం చేసుకో లేవు , సరేనా ?	0.5411
तुमहें बहुत सा री गल ति यों को सु धा र ना है	ఎ నన ో తపపు లు సరి చేయ ాల సి ఉంది	0.5544
जो इन परि व रत नों पर बहुत मे ह न त करता है .	ఎ ంతో కష ట పడి పని చే సతు ంటా రు .	0.5562
लोग होते हैं , एक , आ ल सी	మొదటి గా , మను ష ు లు చాలా బ దద క సతు లు	0.5093
सोच ो मत . ग ह री सा ँ स लो .	ఆలోచి ంచ కు . దీ ర ఘ ంగా శ వా స తీసుకో .	0.5524
तो कया हम कुछ अचछा कर सकते हैं ?	అంటే మనం మంచి చేయ గల మా ?	0.4959
जि से अपने श हर के , अपने देश के सु ख और सम मान से ,	తన పర జ లు , తన ఊ రు , అలాగే తన దేశం ఎంత గా నో గ ౌ ర వి ంచే ప వి తర ది నా న కూడా	0.6121
आज कौन सा दिन है ?	ఇది ఏం రోజు ?	0.4007
तुम आ म जन ता की परति नि धि बन जाओ गी . हम ज ॉ श को घ म ं डी उ च च वर गी य के रूप में पर सत ु त करेंगे .	నువవు అంద రి లాంటి పిలల వి అవు తా వు . జా ష అంద రి నుండి వే రె పో తా డు .	0.5807
तो , पूरी ध र ती के सारे लोगों में . . .	ఈ భ ూ మి మీద ఉనన హ ంత కులు , రే పి సట ు లు , అలాగే పిలల ల . . .	0.5982
- नहीं . - यह कुछ भी वा सत वि क नहीं है .	- లేదు . - ఇ దంతా నిజం కాదు .	0.5276
हमें यकीन करना होगा हमारी सबसे बडी बुरा इ यों के नीचे	మన లో ని చె డు లో కూడా కొంచెం మంచి ఉ ందని	0.5036
पता चले गा अगर मैं	నేను ఎ పపటి కీ	0.4669
उससे थोडी और जयादा मे ह न त करें जि तनी इससे पहले की थी	ని నన టి కంటే కొంచెం కష ట పడి పని చేయాలి	0.5064
इससे कोई फर क नहीं पडता कि तुम कि तने लोगों को बदल ते हो , तुम कितना अचछा करते हो .	నువవు ఎంత మంది ని మార చి నా , ఎంత మంచి చేసి నా అద ంతా అన వ సరం .	0.5637
कया लोग बदल गए हैं ? अब यह अचछी खबर है .	మరి ఆ జ నం ఇపపుడు మా రి పోయా రా ? మీ కొ క మంచి విషయం చెప తాను .	0.4898
- अचछा रहा . - दोबारा मिल ेंगे .	- నీ లా గే . - మళళీ చె య .	0.4805
लेकिन तुमसे मिल ना अचछा लगा .	నినను చూడ టం సంతోష ం .	0.4950
कया मैं ना सु ध र ने ला य क हूँ ?	నాకు వి మో చ న దొ ర కదా ?	0.5917
हम वापस ला रहे हैं करि समस हम वापस ला रहे हैं खुश ियाँ	మనం కరి సమ స ని తిరిగి తీసుకు రా బో తుననాం నిజ మెన ఆన ందో త సహా నని తీసుకు రా బో తుననాం	0.5009
- तुमहारे लिए अचछा है ! - बस कह रही हूँ .	- భలే చేసా వు . - చూ సా వు కా దా .	0.5573
अरे , वह अस पता ल वाली सम ृ ति .	హేయ , హా స పి టల లో ని ఆ జ ఞ ా ప కం ఉంది చూడు .	0.5787
आपको भी गु ड आ फ टर न ून , मैडम .	వెళలి పని చూ సుకో ండి , ఇక ఉంటా ను , మే డం .	0.5470
कया मैं कोई हूँ जि से माफ किया जा स के ?	నేను పా పా కష మా ప ణ పొ ంద గల నా ?	0.5471
- मुझे तुमहारी पो शा क अचछी लगी . रु ड ॉल फ . - शुकरिया .	- నీ డ రె స బాగుంది , రు డ ాల ఫ . - థాంక స .	0.6151
और अपनी न ई गर ल फर ें ड के साथ आ इस - स के टि ंग करने आओ .	అలాగే తన తో వెళలి , నీ కొతత గర ల - ఫ రెండ తో ఐ స స కె టి ంగ చేయ మని అ ంటుననా డు .	0.6448
यह कया है ?	ఇదే ంటి ?	0.3772
हाँ , और वह कयों है ? वह बस नहीं . . .	అవును , కానీ ఇపపుడు ఆ డే ందుకు చెప తుననావు ? అదే మీ . . .	0.4981
वह कया है ?	అదే ంటి ?	0.3794
यह कया है ?	ఇదే ంటి ?	0.3772
यह खू बस ू रत है .	ఇది భలే అంద ంగా ఉంది .	0.4432
और कया होगा अगर हमें समय रह ते पता चल गया	కొ ంత క ాలా నికి నేను బయ పడి న టటే	0.5023
मेरा बू ढ ा रूप .	నేను వెన కకి వెళళ ాలి .	0.4801
नहीं . बस एक छो टा सा मु द दा मुझे सु ल झा ना है .	లేదు . కానీ నేను వెంట నే సరి చేయ ాల సిన ఒక చినన విషయం ఒకటి ఉంది .	0.5673
बहुत बुरा .	దారు ణం .	0.4292
बस थोडी सी अचछा ई चाहिए होती है	కొంచెం మంచి ఉంటే చ ాలు	0.3954
मैंने तुमहें एक बहुत अचछी फो टो भे जी है . तुमहें पो सट करनी चाहिए .	నేను ఒక మంచి ఫో టో పం పి ంచా . మీరు పో సట చేయాలి .	0.5649
- अगर हम बस हि म मत करें तो - कया हम हि म मत करें , कया हम हि म मत करें ?	- మనం ధ ె ర యం చేయ గ లి గి తే - ధ ె ర యం , ధ ె ర యం చేయ గల మా ?	0.5875
फा - ला - ला - ला - ला - ला - ला - ला - ला फा - ला - ला - ला - ला - ला - ला - ला - ला	ఫ - ల - ల - ల , ఫ - ల , ల , ల ఫ - ల - ల - ల , ఫ - ల , ల , ల	0.3744
कया लोग वा कई हर उस चीज के बारे में बात करना चाहते हैं	జ నం నిజంగా నే వాళళు కలి సిన పర తీ వెధవ తో	0.5347
किसी श ह री स ड क पर फ ँ से हुए . . .	ఒక మంచి వీ ధి లో ని ఇలా ంటి ఇంట లో ఇ రు కకు ని . . .	0.5906
नहीं , मुझे अचछा लगा . यह यू रो - फि ट जैसा त ंग है . और मुझे तुम पर अचछा लग रहा है .	లేదు , నాకు న చచి ంది . యు ర ొ - సట ె ల లా గ ఉంది . నీకు న పప ి ంది .	0.6546
मुझे एक - दो दिन के लिए अ परा ध बो ध महसूस होगा , लेकिन फिर मैं खुद को समझ ा ल ूँगा .	కొనని రోజు లు బాధ ఉంటుంది , కానీ తరవాత న చచ జె పప ే సు కుంటా .	0.6055
और दा दा जी का जयादा पी ना	ఇకకడ ఉనన ఈ తా త మ తతు లో తే లు తుననారు	0.4245
हे भगवान . वह पर फ े कट है .	ఓ రి , దేవుడా . వీ డు మనకు స రెన వాడు .	0.5123
ना ट क करती रह सकती हूँ कि अचछे लोगों को चो ट लग ने की मुझे पर वाह नहीं	మంచి వారు బాధ పడి నపపుడు నాకు తో చి న టటు న టి ంచ గలను	0.5729
च लिए . कोशिश कीजिए . यह म जे दार है .	కా నివ వ ండి . ఒక సారి పరయతని ంచండి . సర దా గా ఉంటుంది .	0.5276
कया हम मिले हैं ?	మనం ఇంత కు ముందు కలి శా మా ?	0.4705
अगर तुम ल हर ला ना चाहते हो	నీకు నిజంగా మార పు తీసుకు రా వాలని ఉంటే	0.4489
- तुमहें र ै पि ंग पे पर बचा ने की जरूरत नहीं है . - हाँ .	- ఆ పే పర దా య ాల సిన పని లేదు . - అవును .	0.6211
तुम किसी को जिंदगी जी ने के बारे में कुछ बता ने वाले कौन होते हो	నీ జీవితం లో ని విషయ ాల నుండి పా రి పో తునన నువవు	0.5391
मैं वा दा करती हूँ ! पलीज . पलीज , मैं . . .	ఒ టటు ! పలీజ . పలీజ , నేను . . .	0.5676
कया वह से फो रा की दु कान है ?	అది సె ఫో రా బ రా ండా ?	0.4828
माफ करना . दरअसल , मैं यहाँ से जा रहा था .	కషమి ంచాలి . నేను ఇక వెళళ ాలి .	0.4607
जै के ट . ढ ी ला पै ंट . जे ब में छो टा सा क प डा .	జా కె ట . ప యా ంట లు . చినన ఖ రచ ీ ఫ .	0.6517
यहाँ से यही न जा रा है	చూడ టానికి అది రి పో తునన ఆ చి తరం	0.4395
यहाँ से यही न जा रा है	చూడ టానికి అది రి పో తునన ఆ చి తరం	0.4395
यहाँ से यही न जा रा है	ఇ కకడి ఈ సీ న రీ భలే ఉంది చూడ ండి	0.4543
यहाँ से यही न जा रा है	ఇ కకడి ఈ సీ న రీ భలే ఉంది చూడ ండి	0.4543
रि सर च , जगह ,	రీ సె రచ , ల ొ కే ష నస ,	0.4815
शा बा श . चलो .	భలే చేసా వు . ప దా .	0.4428
हाँ , पर तब वह एक कल प ना थी . और अब वा सत वि क है .	అవును , కానీ అపపుడు ఆమె నా క లల కు మాతరమే పరి మి తం . ఇపపుడు ఆమె నిజం .	0.5403
वै सा लग रहा है जैसा एक बेह तरी न करि समस को लग ना चाहिए	కరి సమ స ఎలా ఉండ ాలో అలాగే ఉంది ఈ రోజు	0.4927
हमने च ू मा भी . हों ठ ों पर .	తరవాత ము దదు పెటటు కుననా ం . పె ద ాల పె న .	0.5411
लोगों का तुमहें पसंद करना काफी नहीं है उनहें तुमहारे परति द व ं दि यों से जयादा न फ रत करनी होगी	జ నం మిమమలని ఇష ట పడ టం మాతరమే కాదు మీ పర తయ రథ ు లను ద వే షి ంచాలి కూడా	0.5876
उसके बारे में वह बहुत शे ख ी ब घ ा र ता होगा .	వాడు ఆ విష యానని చెపపు కొ ని సా ను భ ూ తి కొ టట డానికి చూ సతు ంటా డు .	0.5714
जैसे यह गु ड आ फ टर न ून	ఇలా ఇక ఉంటా ను	0.4075
ल हर , ल हर , ल हर	మార పు , మార పు , మార పు	0.3675
ल हर , ल हर , ल हर	మార పు , మార పు , మార పు	0.3675
- कया हम नाम ुम किन को करके दिखा सकते हैं ? - कया वह नाम ुम किन है ?	- అ సా ధ యం అయి న దానిని చేయ గల మా ? - అది అ సా ధయ మా ?	0.5746
हम भ ूत बन कर किसी पर डे रा डाल ते हैं , उनहें एक बेहतर इंसान बना ते हैं	ఒక రి ని పీ డి ంచి , వారి ని మె రు గె న వయకతి గా మార చి ,	0.5609
लेकिन नहीं , नहीं , नहीं	కానీ లేదు , లేదు	0.3345
- चु प रहो . - अरे .	- ని శ శ బ ద ంగా ఉ ండు . - హేయ .	0.5615
ना सु ध र ने वाला र हूँ गा ?	వి మో చి ం ప బడ లే నా ?	0.5603
मुझे लगता है यह बेहतर होगा अगर रे न वह वी डियो पो सट ना करे , बस इतना ही .	రెన ఆ వీ డి యో ని పో సట చేయ కుండా ఉంటే మంచిది , అంతే .	0.5356
चलो इसे जाने नहीं दे ते हैं . बा य , दोसत ों . अचछा रहा .	ఇ ందు లోనే ఎ కక ాలి . బె , ఫ రెండ స . అంతే .	0.5987
- " च ॉ को ला ट . " - " च ॉ को ला ट . "	- చా కో లా . - చా కో లా .	0.3691
धत , उससे चो ट लगी .	అబబా , చాలా న ొ పప ి వచచింది .	0.4779
तुमहारी जिंदगी की कहानी कहानी के ट ु क ड ों को जु ड ते देखो	నీ జీవి త గా థ పరిసథి తులు చ కక బడ టం చూడు	0.5480
कया यह म ुम किन हो सकता है कि यह वह महसूस करे जो मैं कर रहा हूँ ?	ఈ మె కూడా నేను ఫీ ల అవు తునన టటే ఫీ ల అవు తు ందా ?	0.5719
जो मेरे दिमाग में घ ू म ता रह ता है	నా మన సు లో ఒకక టే ఆలోచ న	0.5109
यह उससे जयादा है , जे कब .	ఈ ని రా శ అ ందుకు వచచింది కాదు , జే క బ .	0.5213
मैं पीछे बहुत कुछ छोड कर जा रहा हूँ	నేను ఎ ంతో వది లి వెళళ ాలి	0.4709
कया यह पता लगा ने का समय आ गया अगर मैं	బహుశా నేను కేవలం కు లా సా గా	0.4410
कया यह पता लगा ने का समय आ गया अगर मैं	బహుశా నేను కేవలం కు లా సా గా	0.4410
हाँ , तुम भाग ती रहो , लडकी .	అవును , అలాగే పరి గె తతు కు ంట ూ పో , పి లలా .	0.5255
मतलब , ये असल में अभी तक हुई नहीं हैं .	అంటే , ఇవ ననీ ఇంకా జరగ లేదు .	0.5311
ठीक है . तुम मुझे परे शा नी में डाल रहे हो .	సరే . నీ తో వే గ లేక చ సతుననాను .	0.5834
तुमहारी जिंदगी की कहानी एक बिलकुल न ई क था	నీ జీవి త గా థ ఒక కొతత కో ణ ంలో	0.4363
मि सटर मार ली को खबर कर दो कि हमारी मु ज रि म दो मिनट में उ ठ जाए गी .	మి సటర మార లె గా రికి మనకు అ పప గి ం ప బడి న నే ర సథ ు ర ాలు ఇం కొ క రెండు నిమిష ాల లో ని దర లే సతు ందని చెపప ండి .	0.5619
तुम तो गए , बचचे . तुम बिलकुल गए .	నీ పని అయి పోయింది , కు ర రా డా . నీ పని అయి పోయింది .	0.4502
मैं दोसत कह ने वाला था , लेकिन भाई .	సనే హి తు ల ం అ ందా ం అను కుననా , కానీ సోద రు లు అను కు ందా ం .	0.5018
हर रो ज मैं जा ग ता हूँ बस एक सप ना लिए	నేను నా మన సు లో ఒక ే ఒకక కల తో పర తీ రోజు ని దర లే సతు ంటా ను	0.5545
मेरे पास इतनी छ ू ट नहीं है कि यहाँ बैठ कर	నీ లా గా ఇకకడ కూ రచ ొ ని , ఏదో అంద రి నీ ఉ దధ రి సతునన టటు ఫీ ల అయి పో తూ	0.5714
देखो उस लडकी को जो स फ ल हुई उसकी क डी मे ह न त र ंग ला ई	కష ట పడి పె కి వచచి న ఈ అమమాయి ని చూడ ండి తన కష ట ంతో నిర మి ంచు కునన వ ృ తతి ని చూడ ండి	0.5490
जब तुमहारे मा ता - पिता तुमहें बे घर लोगों के साथ करि समस डि नर करने पर म जब ूर करते हैं . छ ी .	ఇ లలు లేని వారి తో అమమా నానన లు భ ో జ నం తి నే లా చేశారు . ద రి ద రం .	0.6008
लेकिन इसे पा ने में मैं तुमहारी मदद कर सकता हूँ बन ूँगा मैं तुमहारा स हा य क , तुमहारा गा इ ड	కానీ నేను నీకు సహా యం చేయ గలను నీకు తో డు గా ఉ ండి న డి పి ంచ గలను	0.5540
ओह , बढिया . यह अचछी दिख रही है . शुकरिया .	అమమ ో . అది భలే ఉంది . థాంక స .	0.5409
हाँ ! मुझे कुछ आ भा स था .	సూ పర ! నాకు ఇలా ము ందే అనిపి ంచింది .	0.4813
शायद उसकी बात में दम है .	ఆమె చెపపి న విషయం ఆలోచి ంచ ాల సి ందే ఏ మో .	0.4549
जानता हूँ , मेरे दोसत .	అవును , మి తర మా .	0.5032
कॉ पर फी लड	ది కా పర ఫీ ల డ	0.3651
हाँ .	అవును .	0.2761
हाँ !	అవును !	0.2761
हाँ !	అవును !	0.2761
बढिया .	భలే .	0.2953
हर रो ज मैं जा ग ता हूँ	నేను పర తీ రోజు ని దర లే సతు ంటా ను	0.4757
धत !	ఛ !	0.4597
हाँ . इससे काम बन जाना चाहिए . ठीक है .	సరే . ఇది సరి పో వచచు . సరే .	0.4860
ठीक है , पाँच सवाल .	సరే , అయి దు పర శ న లకు చెపప ాలి .	0.4611
सी पी ए म 1 0 4 जा री रख ो , पलीज .	సి పి ఎ ం - 1 0 4 ని తిరిగి పరా రం భి ంచండి , పలీజ .	0.4985
जरा एक से क ंड रुको . रुको .	ఒక కష ణం ఆగు . ఆగు	0.4521
हाँ .	అవును .	0.2761
- मतलब , कया वजह थी ? - कुछ खास नहीं थी .	- అంటే , నీ చా వు కు కారణ ం ఏంటి ? - పెదద గొపప విషయం ఏం కాదు .	0.5570
हाँ .	అవును .	0.2761
ग ंदा	దారు ణం	0.2970
हाँ .	అవును .	0.2761
जरूर है .	నీకు తెలుసు .	0.3184
उन गल ति यों पर जिन से मैं भाग रहा हूँ ?	విషయ ాలను నేను జ యి ంచ గల నా ?	0.5226
हर रो ज	పర తీ రోజు	0.3485
हाँ .	అవును .	0.2761
पता नहीं आगे कया होगा यह धी रे - धी रे बढ रहा है	తరవాత ఏం జరగ బో తు ందో చెపప లేను , కానీ ఈ యన నె మమ ది గా అడుగు లు వే సతుననా డు	0.5462
जो स हम त हैं ?	స మమ తి ంచే వారు ఎవరు ?	0.4563
हाँ !	అవును !	0.2761
हे भ ग . . .	ఓ రి , నా యన ో . . .	0.5939
यह मह त व पू रण है .	ఇది ముఖ యం .	0.3956
चलो .	న డు వు .	0.3309
फा - ला - ला - ला - ला , फा - ला - ला - ला - ला	ఫ - ల - ల - ల - ల , ఫ - ల - ల - ల - ల	0.4304
फा - ला - ला - ला - ला , फा - ला - ला - ला - ला	ఫ - ల - ల - ల - ల , ఫ - ల - ల - ల - ల	0.4304
हाँ !	అవును !	0.2761
ल हर से बना एँगे एक उ फा न	మార పు తో వి ప ల వా నని తే వాలి అను కు ంటే	0.5305
किसी तरह के वै श वि क सा मा जि क कार य करता की तरह हर किसी का आँ कल न कर ूँ .	ఎదు టో ళ లను త కకువ గా చూ సే తీ రిక నాకు లేదు మరి .	0.5613
मैं उसकी तरफ उ ँ ग ली दिखा ने से कहीं जयादा काम करता हूँ .	నేను వాళళ ను బె ది రి ంచడం ఒకక టే చేయ ను .	0.5490
माफ करना . तुम सता कयों नहीं रही हो ?	ఒకక నిమిష ం . నువవు పీ డి ంచడం మా నే సి ఇకకడ ఏం చేసతుననా వు ?	0.5030
नो रा . हाँ , हर एक वि चार , हर एक खाना .	నో రా . అవును , పర తీ ఆలోచ నా , పర తీ భ ో జ నం గురించి రా సతారు .	0.5304
उस तरह की भा ष ा इस ते माल करने की कोई जरूरत नहीं है , सर .	ఊ రక నే అలా తి టట ాల సిన అవసరం లేదు , సర .	0.5968
किसी कमी ने का गु ब बारा फो ड ने के लिए एक सु ई	ఎవ డ ెనా ఒక వెధ వని ఆట ప టటి దదాం	0.4835
हर उस ल हर , ल हर , ल हर से जो तुम बना ते हो	నువవు చేసే పర తీ ఒకక పని తో	0.4844
हम वापस ला रहे हैं पया री शा में वे टि म टि मा ते ता रे	ఆ అంద మెన రా తరు లను తీసుకు రా బో తుననాం మె ల మె ల మె రి సే రా తరు లు తీసుకు రా బో తుననాం	0.5379
मेरे मु का ब ले उनका थोडा लि हा ज करना , ठीक है ?	నాతో వయ వ హ రి ంచిన టటు కా కుండా వారి తో అయి నా కా సత మంచి గా ఉ ండు , సరేనా ?	0.5509
- कि मुझ में वा कई अचछा ई है - अचछा ई है	- నా లో నిజంగా నే మంచి ఉందా అని - నిజంగా నే మంచి ఉందా అని	0.4304
हाँ ! मैं गर म हूँ .	అవును ! నేను వె చచ గా ఉననాను .	0.4140
- खु ज ली . मुझे . . . तुमहें कोई ऐ त राज होगा ? - ठीक है .	- దు ర ద . నాకు . . . గో కు తా వా ? - సరే .	0.6949
फा - ला - ला - ला - ला - ला - ला - ला	ఫ - ల - ల - ల - ల - ల - ల - ల	0.4226
जरा इन हें सुनो .	ఇ వి ఎలా ఉననా యో చెపప ండి .	0.4234
- जब वह ह ँ स ती है तो उसकी आँख ें बहुत पया री लग ती हैं . - हाँ , लग ती हैं .	- ఆమె నవ విన పపుడు తన క ళళు భలే ఉంటా యి . - అవును .	0.5947
हाँ . चलो हमारे इन फ ल ु ए ं सर ों को उस पर जो र - शो र से काम करने को क हो .	అవును . మన ఇ న ఫ లు య ె న సు ర లను బాగా వాడు కు ందా ం .	0.6278
बद ला व ला रहे थे . लेकिन अब नहीं ला रहे हो ?	మార పు తీసు కొ సతునన టటు అనిపి ంచింది . అంటే ఇపపుడు తీసుకు రా వడం లేదా ?	0.5214
- खु ज ली . - कया ?	- దు ర ద గా ఉంది . - ఏంటి ?	0.5872
उनहें बस शि ष ट ता से नी चा दिखा ओ जैसे तुम कम ब खत जू डी ड ें च हो	నీ పర వర తన తో వాళల కి జు డి బ ల డీ డె ంచ లా గ	0.6220
लेकिन मुझे यकीन करना होगा हमारी सबसे बडी बुरा इ यों के नीचे	కానీ నేను నమమ ాలి మన లో ఉనన పర తీ లోప ంతో	0.4855
- बो लो . - खैर , मुझे लगता है मैं सक ूल को कहीं जयादा बेहतर	- చెపపు . - అంటే , నేను స కూ ల లో అంద రికీ	0.6016
यहाँ से यही	ఇ కకడి నుండి చూ సతే	0.3923
कया सब हो रहा है ?	అద ంతా ఏంటి ?	0.3552
किस का जवाब ?	ఏ పర శ న కు సమా ధా నం ?	0.3950
- ठीक है . - ठीक है .	- సరే . - సరే .	0.4426
मतलब , मुझे नहीं मा लू म फ ूँ क मार ने के लिए बचा कया है .	అంటే , గ ాలి ఊ ద డానికి అకకడ ఏం లేదు .	0.5640
- वे उसे कया बुला ते थे ? - उसका नाम " टा इ नी टि म " था .	- వాడి పేరు ఏంటి ? - అది టె ని టి మ .	0.5554
यह एक शक ति दिखा ने का पै ंत रा है .	అ ధి కార దు ర వి ని యో గ మే .	0.5697
यहाँ से यही न जा रा है	ఇ కకడి నుండి చూ సతు ంటే అలాగే ఉంది	0.4598
यहाँ से यही न जा रा है	ఇ కకడి నుండి చూ సతు ంటే అలాగే ఉంది	0.4598
ना राज गी एक न शा है .	ఆ గర హం అనే ది ఒక మ ందు లాంటి ది .	0.5160
मेरा मतलब . . .	అంటే . . .	0.5099
- आप ठीक हैं ? - हाँ .	- మీరు బాగానే ఉననా రా ? - అవును .	0.4685
मुझे अचछा लगा कि वह कै ने डि यन धा रण ा के वि पर ी त है .	వీ డు కె న డి యన పర జ ల పె అంద రికీ ఉండే స హ జ అ భి పరా యా నికి వయ తి రే కంగా ఉండ డం న చచి ంది .	0.5876
कुछ बेह तरी न पु रा ने ज मा ने के पे ड ों से	కొనని మా మూ లు చె టల ద వా రా	0.5655
तुमहें थोडी स जा भ ु ग तनी होगी और बू म .	కొనని సా రలు డి టె న షన కి వెళళ ా వే అనుకో , అంతా సె ట అయి న టటే .	0.5557
हाँ . आ सा नी से .	అవును . ఏం కంగా రు పడ కు .	0.5052
ताकि वह तुमहें इस साल का मु ज रि म बना ने की स व ीक ृ ति दे दे .	బె ది రి ంచా డు మాతరమే నేను అలా అననా ను .	0.5205
कया हो गया ?	ఏ మెంది ?	0.2758
मा इ कल ग ै न यो की परे म पू रण सम ृ ति में	మె ఖ ే ల గా గ నన జ ఞ ా ప కా రథ ం	0.6274
लेकिन ह जार लोगों की नौ कर ियाँ च ली गई हैं .	కానీ అది మూ సే య డం వలల దా దా పు వే యి మంది కి ఉద యో గం లే కుండా పోయింది .	0.5049
चि प को मत , ठीक है ? मैं इस समय काम पर हूँ .	మ రీ అంత జి డ డు గా డి లా చేయ కు , సరేనా ? నేను ఇపపుడు పని మధయ లో ఉననాను .	0.5647
और लगता है पया रे पि ल ले भी .	దాని తో పాటు అంద మెన కు కక పిలల లు కూడా పో తా యి .	0.5183
मतलब , तुम सु ंदर हो .	అంటే , మీరు చాలా అంద ంగా ఉననారు .	0.4332
जो तुमहें नहीं मिली	నీ నుండి దూ రం చేయ బడి న ఆ జీవితం	0.4109
कया यह चीज वा सत वि क बन सकती है ?	ఈ బం ధం నిజం కా గల దా ?	0.5281
हे भगवान , तुम बद सू रत हो .	దేవుడా , నువవు చాలా అంద వి కార ంగా ఉననావు .	0.4941
उसे हम एक कि कर कहते हैं .	దానిని మేము కీ ల క మెన అ ం శ ంగా పరి గ ణి సతా ం .	0.4575
जो तुम लोगों को क लि ंट के बारे में समझ नी चाहिए .	తెలుసు కో వాల సిన ఒక విషయం ఉంది .	0.5234
का ति ल , न स ल वा दी , लोग जो बच चों का लि ंग पता करने वाली पार ट ियाँ करते हैं . . .	లి ంగ పర క టన పార టీ లు చేసే వార ంద రి నీ వదిలే సి . . .	0.5858
वह वा कई में बद ले गी या नहीं .	వాళళు వెళ తుననారు .	0.3813
तुमहें बे घर लोगों के साथ करि समस डि नर करने पर म जब ूर करते हैं . छ ी .	అమమా నానన లు భ ో జ నం తి నే లా చేశారు . ద రి ద రం .	0.5866
यहाँ ?	ఇకకడ ే నా ?	0.2839
- हाँ . - कब ?	- అవును . - ఎ పపుడు ?	0.4738
बे तु के सवाल पूछ कर मुझे परे शान नहीं करते .	మాట లు రా క వ ణి కి పో తు ంటా రు .	0.5317
पु रु ष	పు రు ష ు లు	0.2340
कयोंकि एक न ई शु रु आत का समय आ गया है	ఎందుకంటే ఒక న ూ తన పరే మ కా వ యం మొద లు పె టటి చాలా రోజు ల వు తుంది	0.5480
मुझे पता होगा कया करना है	నేను ఏం చేయ ాలో నాకు తెలుసు అను కునే వాడిని	0.4313
चलो इसे बस थो डे समय के लिए स थ गि त कर दे ते हैं , ठीक है ?	పర సతు తా నికి ఆ విషయం ఎ తత కు , సరేనా ?	0.5844
जब तुमहारे मा ता - पिता तुमहें बे घर लोगों के साथ	ఇ లలు లేని వారి తో అమమా నానన లు	0.4746
लेकिन यह सच ची नहीं लग ती	కానీ ఇది నిజం అని నాకు అనిపి ంచడం లేదు	0.3937
हाँ . लोग अस लि य त पर जो र दिया करते थे .	అవును . జ నం ఉననారు చూడ ండి , ఒక పపుడు పరా మా ణి క త కోసం చూ సే వారు .	0.5806
मेरे खया ल से .	నేను అదే అనుకుంటుననా .	0.3990
कि मैं अपने बच चों से नजर ें ना मिला सक ूँ .	నా పిలల ల క ళళ లోకి నే రు గా చూడ లేని అ పరా ధ భా వ ంతో వెళల ాలని నిర మి ంచ లేదు .	0.5074
नहीं . खैर , हाँ . पहले था .	కాదు . అంటే , అవును , మొద ట లో అదే అను కుననా .	0.5159
तो कयों ना छ ला ंग लगा ल ूँ	మరి అలా ంట పపుడు ము ందుకు వెళ ి తే ఏమ వు తుంది	0.4612
- दो क दम आगे - एक क दम पीछे	- రెండు అడుగు లు ము ందుకు - ఒక అడుగు వెన కకి	0.4583
गु ड आ फ टर न ून तुमसे आ रही है बद बू	ఇక ఉంటా ను పె ంట వా స న	0.5242
जो उ फा न में बदल स के	పెదద ఉద య మ ంగా మార గల ఆ మార పు కోసం	0.5078
गु ज रे ज मा ने की दम क	ఒక నా టి ఆ క ళ	0.5205
तो तुम मुझे बता रहे हो कि डि क ें स की कहानी . . .	అంటే డి కె నస క థ నిజ ానికి . . .	0.5297
कयोंकि आज रात यह बहुत साफ है	ఎందుకంటే ఈ రాతరి ఒక విష యానని సప షట ంగా చూ పు తుంది	0.4567
सब ठीक है . सब लोग काम पर वापस जाओ !	అంతా స కర మ ంగా నే న డు సతుంది . అందరూ తిరిగి పని మొద లు పెటట ండి !	0.4777
हाँ . मेरे खया ल से बना ते हैं .	అవును . అది నిజ మే .	0.5064
- कुछ बुरा ? - ओह , चलो भी !	- ఏమెనా చె డు జరుగు తు ందా ? - ఓహ , తవర గా రా !	0.5690
फा - ला - ला - ला - ला , फा - ला - ला - ला - ला	ఫ - ల - ల - ల , ఫ - ల , ల , ల	0.3803
धत .	అయ యో .	0.3309
- मुझे बहुत अफ सो स है . - इसे होना भी चाहिए .	- ననను కషమి ంచండి . - నిజ మే .	0.5600
और कया मैं उसे ढूँढ ने ला य क हूँ	నా లో ని మంచి ని చూ సే	0.4514
- वह बहुत अचछा लग रहा है . - हाँ .	- భలే ఉంది . - అవును .	0.5120
हाँ	అవును	0.2256
अरे , हे लो , ची फ .	హలో , చ ీ ఫ ,	0.5104
तुमने एक और त का स पर श महसूस नहीं किया है इतने लं बे सम . . .	ఒక మ హి ళ స పర శ ను అను భ వి ంచి ఎ నన ో . . .	0.6535
बस थोडी सी अचछा ई चाहिए होती है और करो बस वह जो कर सकते हो	కొంచెం మంచి కావాలి చే తన ె న ది చేయాలి	0.4092
अ ंत में कहना बहुत आ सान है	ఏ ది ఏమెనా , చి వ రికి చెపప డానికి ఏదెనా సు ల భ మే	0.4628
कयोंकि हम बेहद शान दार आत मा एँ हैं	మేము అదభు త మెన ఆ తమ ల ం	0.5015
हमें बस एक ल हर से कुछ बढ कर चाहिए	మార పు ఒకక టే సరి పో దు	0.4948
ठीक है , लेकिन मुझे लगता है इस बात ची त की शु रु आत तुमने की थी .	కానీ ఈ సం భా ష ణ ను మొద లు పె టటి ందే మీరు .	0.6011
तो , मैंने अपने लिए कुछ करने का सोचा .	కాబటటి , నేను నా కోసం ఈ ఒకక సారి సవా ర ధ ప ూ రి తంగా పర వర తి ంచి వచచా ను .	0.5228
कॉ फी आ रही है .	కా ఫీ ఎ గు రు కు ంట ూ వ సతోంది .	0.4929
खैर , 4 6 सी जन . ग जब है .	ఏద ె తే నే ం , 4 6 ఋ తు వు లు . నమమ లే కపో తుననా .	0.5830
वह अचछा रहे गा .	అలా జరిగి తే భలే ఉంటుంది .	0.3960
करि समस डि नर पर लड ने की वज हें कम थीं ,	ఉ త కం ఠ సరి పో దు అనన టటు ,	0.5863
मुझे नहीं पता .	నాకు అలా అనిపి ంచడం లేదు .	0.4277
ग जब , वह नो रा अचछी थी .	అబబా , ఆ నో రా అనే అమమ డు భలే పిలల కదా .	0.4864
ग जब , मुझे बहुत अचछा लगा .	వా వ , భలే ఉంది .	0.4579
एक प पी !	ఒక కు కక పిలల !	0.4356
आज के लिए थोडा अनु चि त है .	ఇలా ంటి రోజు కూడా అలా మాటలాడ టం అంత బా గ ాల ేదు .	0.5048
ठीक है . तुमहारा आ खि री भ ूत अभी तुमहारे पास आ जाएगा .	సరే . చి వరి భ ూ తం తవర లో వ సతా డు .	0.5353
तुम ठीक हो ?	నీకు ఏం కాల ేదు కదా ?	0.3656
और फिर , हर दिन काम के बाद ,	ఆ తరవాత , రో జ ూ పని పూరతి చేసు కొ ని వచచి న తరవాత ,	0.4443
फा - ला - ला - ला - ला - ला - ला - ला - ला	ఫ - ల - ల - ల - ల - ల - ల - ల	0.4043
मेरी ज ं जी र छु ओ !	నా గొ లు సు ను పటటు కొ ని చూడు !	0.4847
कोई घु स आया है .	చ ొ ర బా టు దారు డు పర వే శి ంచా డు .	0.4913
वि वाद , सं घर ष और दु ष पर चार पै दा करने में मा ह िर है .	సమా చా రా నని ఇ చచి , వారి లో వి వాద ాలను , సం ఘ ర ష ణ లను స ృష టి ంచి పని జరిగి ంచడం లో ఆ రి తే రి న సం సథ .	0.5973
हाँ !	అదభు తం !	0.2395
ठीक है .	సరే .	0.3254
ठीक है .	సరే .	0.3254
ठीक है .	సరే .	0.3254
कया कहा तुमने ?	ఏమ ననా వు ?	0.4150
हमेशा ता री फ करते हो .	ఎపపుడూ ఇలా గే పర శం స లలో ము ంచ ె తతు తా వు .	0.5063
बस करो !	ఆ పు !	0.4089
ग ंदा	దారు ణం .	0.2579
ठीक है .	సరే .	0.3254
चलो भी .	ప దా .	0.2999
जब दुनिया में इतने ट रो ल और बहुत सारे कमी ने बाकी हैं	ఇంత మంది వెధవ లు స ననా సు లు ఉండ గా	0.5429
तो इस साल , मैंने कुछ और चु ना .	కాబటటి ఈ ఏ డా ది నేను వే రే ఏమెనా కావాలి అని అను కుననా .	0.4957
ओह , ग जब , शुकर है .	ఓహ , అబబా , చాలా పర శా ంత ంగా ఉంది .	0.5175
पता चला कि उसे किसी चीज में तुमहारी मदद चाहिए , लेकिन ओ वे न ने यह बताया नहीं कि किस चीज में .	ఆమె కు మీ సహా యం కావాల ంట , కానీ అదే ంట ో ఒ వెన చెపప లేదు .	0.5417
कोई दि क कत नहीं है .	ఏం పర లేదు .	0.4242
समझ ी ?	అరథ మె ందా ?	0.3234
बस हो गया .	ఇక ఊ రు కునే ది లేదు .	0.3988
दरअसल , जाने दो .	నిజ ానికి , అదే ం ప టటి ంచుకో కు .	0.3902
जरूर .	తపప కుండా .	0.2712
जयादा मिल न सा र ? एक जु ट ?	అందరూ మ ంచ ో ళళు అయ యా రా ? కలిసి ఉ ంటుననా రా ?	0.5311
यह अजीब नहीं है .	ఇది ఇ బబంది పడ ే విషయం ఏం కాదు .	0.4245
- सौ परति श त . - ठीक है .	- 1 00 % - సరే .	0.4193
कभी ना कभी ,	ఇలా గే ఉంటే అ తి తవర లో ,	0.2803
तुम गर म हो .	నువవు వె చచ గా ఉననావు .	0.3915
नहीं , तुम नहीं हो .	కాదు , నువవు దారు ణ మెన దాని వి కాదు .	0.4021
नहीं , तुम नहीं हो .	కాదు , నువవు దారు ణ మెన దాని వి కాదు .	0.4021
तुम ग ं दे हो .	నువవు దారు ణ మెన వాడి వి .	0.4519
मतलब , हर समय .	నిర ంత రం ఇకకడ ే ఉ ంటుననా రు .	0.3611
मैंने रि टा यर होने की ध म की बस इसलिए दी थी	ఈ ఏ డా ది నినను పీ డి ంచ డానికి ఒ పపు కునే లా చేయ డానికి అతని తో నేను రి టె ర అవు తా నని	0.4864
पलीज मे ज से उ तर जाओ .	దయచేసి టే బు ల మీద నుండి కింద కి ది గ ండి .	0.4687
कॉ सट यू म वि भाग !	బ టట ల డి పార ట మె ంట వారు కూడా !	0.5161
मैं खुद को तुमसे पहले रख ूँगा	ఇ తరు ల కంటే నా కష ే మా నికి పరా ధా న యత ఇ సతాను అను కునే వాడిని	0.4733
कया बकवास है ?	ఏంటి ది ?	0.3386
मैंने सोचा , " अगर मैं इस बं दे को बदल सक ूँ , शायद मेरे लिए भी कोई आ शा हो सकती है . "	నా లాంటి వాడు కూడా మా రే అవకా శం ఉంటుంది " అని .	0.5187
जो सु ध र ना स के ?	వి మో చ న లే కుండా మి గి లి పో తా నా ?	0.4739
फा - ला - ला - ला - ला , फा - ला - ला - ला - ला	ఫ - ల - ల - ల , ఫ - ల - ల - ల	0.3999
ऐसा पयार जिस का मैं स हा रा ले सक ूँ	పరే మను కను గొ ంటా నా	0.4460
हम देख सकते हैं हम कौन हो सकते हैं	నీ తో కలిసి ఉ ంటు ంటే	0.4061
कया मेरी सबसे बडी बुरा ई पीछे छ ू ट सकती है और कया मैं ढूँढ ने के ला य क हूँ	నా పా పపు గ తా నని వది లి నేను ఆ ధా ర పడ త గి న	0.5733
खैर , ज ॉ श का परिवार बे घर ों के एक आ शर य में	సరే , జా ష వాళళ కుటుం బం కరి సమ స రోజు న గ ృ హం లేని వా రికి భ ో జ నం ఏ ర పాటు చే సతు ంటా రు .	0.5852
यहाँ से यही न जा रा है	ఇ కకడి నుండి చూ సతు ంటే అలాగే అనిపి సతుంది	0.4215
यहाँ से यही न जा रा है	ఇ కకడి నుండి చూ సతు ంటే అలాగే అనిపి సతుంది	0.4215
मुझे नहीं . . . मुझे बिलकुल अं दा जा नहीं है .	నాకు . . . నాకు తెలీదు .	0.4791
और ऐसे समय में जब उनहें खुश ियाँ मना नी चाहिए .	అది కూడా ప ండు గ రోజు లలో .	0.4964
तुमहारी जिंदगी की कहानी	నీ జీవి త గా థ	0.2600
तुमहारी जिंदगी की कहानी	నీ జీవి త గా థ	0.2600
कयोंकि यह हमारे जी वन के बाद की जी वि का है ला ना . . .	ఎందుకంటే అదే మా వ ృ తతి . . .	0.5011
मेरी बाकी की पूरी जिंदगी में .	శ ే ష జీవితం అంతా .	0.4341
मुझे नहीं लगता वह हमें देख सकती है .	ఆమె మన లని చూడ లేదు .	0.4778
ठीक है . अगर मैं तुमहें बता द ूँ . . .	సరే . నువవు కొంచెం ,	0.4394
और पता है ? मेरे भी .	ఇం కొ క విషయం చెపప నా ? నా నిరణ య ాలు కూడా .	0.5161
हर एक अ व सर पर चु नो बेहतर इंसान बन ना	మె రు గె న వయకతి గా ఉండ డానికి దొ రికి న అవకా శ ాలను స ద వి ని యో గం చేసు కు ంటే చ ాలు	0.4730
हाँ , शायद .	అంటే , ఉ ంద నే చెపప ాలి .	0.3708
और यह सच है ,	నిజ మే ,	0.3537
बे न का ब	మొద లు కా ను ంది	0.4233
मुझे कोई अं दा जा नहीं है .	నాకు తెలీదు .	0.3474
बस रि सर च है .	అది , అంటే , పరి శ ో ధన కోసం .	0.4329
अचछा च यन है .	మంచి నిరణ యం తీసు కుననా వు .	0.3899
आ जाओ .	దగగర కు రండి .	0.3298
फा - ला - ला - ला - ला - ला - ला - ला - ला	ఫ - ల - ల - ల - ల - ల - ల	0.3867
फा - ला - ला - ला - ला - ला - ला - ला - ला	ఫ - ల - ల - ల - ల - ల - ల	0.3867
शायद ए लि य ंस तक भी	బహుశా గర హా ంత ర వా సు లను చే రు కు ంటు ందే మో	0.4188
यह हाथ में स वर ग मिल जाने जैसा है .	నాకు మ తి పో తోంది .	0.4622
नहीं . चलो .	లేదు . మీరు నాతో రండి .	0.3424
यहाँ से यही न जा रा है	ఇ కకడి నుండి చూ సతు ంటే నాకు అలాగే అనిపి సతుంది	0.4208
यहाँ से यही न जा रा है	ఇ కకడి నుండి చూ సతు ంటే నాకు అలాగే అనిపి సతుంది	0.4208
मेरे खया ल से मैं तैयार हूँ .	నేను వ సతాను .	0.3742
कया मेरा सबसे बुरा हि ससा पीछे छो डा जा सकता है	నా పా ప ాలను క డుగు కొ ని	0.4464
मैं भी तुमसे पयार करता हूँ .	ఐ లవ యు , ట ూ .	0.3720
शायद तुम हो .	బహుశా నువవు మంచి వాడి వే ఏ మో .	0.3595
ब हि ष कृ त	క యా న సి ల చేయ బడ డా డు	0.4870
हाँ , मैं इंतजार कर रहा हूँ .	సరే , చెపపు .	0.4034
कुछ आ राम दे ह ? कुछ स थ िर ?	ము చచ టె న ఇ లలు , సథి ర మెన కుటుం బం చూ సి ల ొ ం గు తా అను కుననా వా ?	0.4814
बस तुमहारे साथ रह कर	నేను ఎలా ఉండ ాలను కుననా నో అలా ఉండ గలను అనిపి సతుంది	0.3870
कया म यू जि कल है ?	ఏంట ది ?	0.3636
तुमहें यकीन है ?	అవునా ?	0.3417
अगर हम ग ह रे पा नी में गो ता नहीं लगा एँगे हम कभी नहीं जान पा एँगे	పె పె అను భ వం ఉంటే సరి పో దు	0.4847
- भाई ? - हाँ .	- సోద రు ల ం అవు తుననా మా ? - అవును .	0.4270
वह खुद था .	వాడి కి అ పపటి ను ండ ే ఏ ర పడి ంది .	0.3398
देर हो गई !	ఇపపుడు దానికి ఆ లస యం అయి ంది .	0.3756
न जा रा है	అదే నిజం అని తెలు సతుంది	0.3155
चलो .	నా మాట వి ను .	0.2313
वै ं कू वर	వా న కూ వర సవా గ తం ప లు కు తుంది	0.3103
